0 3022.31
1 2997.32
2 2937.36
3 2867.07
4 2807.94
5 2771.6
6 2756.84
7 2751.95
8 2745.95
9 2729.53
10 2657.58
11 2497.82
12 2301.62
13 2104.58
14 1911.15
15 1730.44
16 1571.23
17 1437.2
18 1327.06
19 1236.76
20 1161.21
21 1095.72
22 1036.59
23 981.518
24 929.031
25 878.482
26 829.777
27 782.825
28 737.81
29 695.102
30 654.699
31 616.879
32 581.827
33 549.634
34 520.208
35 493.826
36 470.12
37 449.273
38 430.916
39 414.958
40 401.029
41 388.853
42 378.061
43 368.375
44 359.427
45 350.849
46 342.362
47 333.876
48 325.205
49 316.257
50 307.033
51 297.532
52 287.939
53 278.438
54 269.029
55 260.081
56 251.595
57 243.754
58 236.651
59 230.286
60 224.659
61 219.863
62 215.804
63 212.391
64 209.532
65 207.318
66 205.381
67 203.905
68 202.705
69 201.783
70 200.953
71 200.307
72 199.662
73 199.2
74 198.647
75 198.278
76 197.817
77 197.355
78 196.986
79 196.525
80 196.064
81 195.603
82 195.049
83 194.588
84 194.035
85 193.481
86 192.928
87 192.282
88 191.636
89 190.991
90 190.345
91 189.607
92 188.869
93 188.131
94 187.393
95 186.563
96 185.733
97 184.902
98 183.98
99 183.058
100 182.135
101 181.213
102 180.198
103 179.183
104 178.169
105 177.154
106 176.139
107 175.033
108 173.926
109 172.819
110 171.712
111 170.512
112 169.406
113 168.206
114 167.1
115 165.9
116 164.793
117 163.687
118 162.58
119 161.565
120 160.642
121 159.905
122 159.259
123 158.89
124 158.705
125 158.798
126 159.351
127 160.181
128 161.565
129 163.318
130 165.624
131 168.483
132 171.712
133 175.494
134 179.552
135 183.98
136 188.408
137 192.928
138 197.171
139 201.137
140 204.458
141 207.225
142 209.07
143 210.085
144 209.993
145 208.978
146 206.949
147 203.997
148 200.215
149 195.787
150 190.898
151 185.548
152 180.106
153 174.571
154 169.221
155 163.963
156 159.167
157 154.647
158 150.496
159 146.806
160 143.393
161 140.441
162 137.674
163 135.091
164 132.785
165 130.479
166 128.265
167 125.959
168 123.745
169 121.347
170 118.948
171 116.458
172 113.875
173 111.384
174 108.802
175 106.496
176 104.466
177 102.898
178 102.068
179 102.068
180 102.99
181 104.835
182 107.233
183 109.816
184 111.846
185 112.86
186 112.215
187 109.724
188 105.296
189 99.485
190 92.7513
191 85.7406
192 79.0992
193 73.1033
194 68.1222
195 64.3402
196 63.8789
197 72.2731
198 84.9106
199 80.3905
200 63.6945
201 54.4701
202 52.0718
203 51.4261
204 51.2416
205 51.7951
206 53.0865
207 55.3926
208 58.5288
209 61.8496
210 64.8014
211 66.3695
212 66.2773
213 64.4324
214 61.4806
215 58.2521
216 55.3003
217 53.0865
218 51.4261
219 50.3191
220 49.3968
221 48.5666
222 47.5519
223 46.445
224 45.1535
225 43.6776
226 42.0172
227 40.3568
228 38.6964
229 36.9439
230 35.1912
231 33.6231
232 32.055
233 30.579
234 29.2876
235 28.0884
236 26.9815
237 25.9668
238 25.1366
239 24.3064
240 23.5685
241 22.9228
242 22.2771
243 21.7237
244 21.1702
245 20.709
246 20.2477
247 19.7865
248 19.3253
249 18.9563
250 18.4951
251 18.1261
252 17.7572
253 17.3882
254 17.0192
255 16.6503
256 16.3736
257 16.0045
258 15.7278
259 15.4511
260 15.1743
261 14.8976
262 14.6209
263 14.3441
264 14.0674
265 13.883
266 13.6985
267 13.4218
268 13.2372
269 13.0528
270 12.8683
271 12.6837
272 12.5916
273 12.407
274 12.3148
275 12.1303
276 12.0381
277 11.9458
278 11.8535
279 11.7614
280 11.7614
281 11.6691
282 11.5768
283 11.5768
284 11.5768
285 11.5768
286 11.5768
287 11.5768
288 11.5768
289 11.5768
290 11.5768
291 11.6691
292 11.6691
293 11.7614
294 11.7614
295 11.8535
296 11.9458
297 12.0381
298 12.1303
299 12.2226
300 12.3148
301 12.407
302 12.4993
303 12.5916
304 12.776
305 12.8683
306 12.9605
307 13.0528
308 13.2372
309 13.3295
310 13.4218
311 13.6062
312 13.6985
313 13.7907
314 13.883
315 14.0674
316 14.1597
317 14.252
318 14.3441
319 14.4364
320 14.5286
321 14.6209
322 14.6209
323 14.7132
324 14.8053
325 14.8053
326 14.8976
327 14.8976
328 14.9899
329 14.9899
330 14.9899
331 14.9899
332 14.9899
333 14.8976
334 14.8976
335 14.8053
336 14.8053
337 14.7132
338 14.6209
339 14.5286
340 14.4364
341 14.3441
342 14.252
343 14.0674
344 13.9752
345 13.7907
346 13.6062
347 13.5139
348 13.3295
349 13.145
350 12.9605
351 12.6837
352 12.4993
353 12.3148
354 12.0381
355 11.8535
356 11.5768
357 11.3924
358 11.1156
359 10.9312
360 10.6544
361 10.3777
362 10.101
363 9.82425
364 9.6398
365 9.36306
366 9.08633
367 8.8096
368 8.53286
369 8.25613
370 8.07156
371 7.79483
372 7.51809
373 7.24136
374 7.05691
375 6.78018
376 6.50345
377 6.319
378 6.04226
379 5.76553
380 5.58108
381 5.39651
382 5.11978
383 4.93533
384 4.75088
385 4.47415
386 4.28958
387 4.10513
388 3.92068
389 3.73611
390 3.55166
391 3.36721
392 3.18264
393 3.09048
394 2.90591
395 2.72146
396 2.62918
397 2.44473
398 2.35244
399 2.168
400 2.07571
401 1.98355
402 1.89126
403 1.70681
404 1.61453
405 1.52237
406 1.43008
407 1.3378
408 1.24563
409 1.15335
410 1.15335
411 1.06106
412 0.968899
413 0.876614
414 0.876614
415 0.784329
416 0.784329
417 0.692166
418 0.599881
419 0.599881
420 0.507595
421 0.507595
422 0.507595
423 0.415432
424 0.415432
425 0.323147
426 0.323147
427 0.323147
428 0.230862
429 0.230862
430 0.230862
431 0.230862
432 0.230862
433 0.138699
434 0.138699
435 0.138699
436 0.138699
437 0.138699
438 0.0464138
439 0.0464138
440 0.0464138
441 0.0464138
442 0.0464138
443 0.0464138
444 0.0464138
445 0.0464138
446 0.0464138
447 -0.0458713
448 -0.0458713
449 -0.0458713
450 -0.0458713
451 -0.0458713
452 -0.0458713
453 -0.0458713
454 -0.0458713
455 -0.0458713
456 -0.0458713
457 -0.0458713
458 -0.0458713
459 -0.0458713
460 -0.0458713
461 -0.0458713
462 -0.0458713
463 -0.0458713
464 -0.0458713
465 -0.0458713
466 -0.0458713
467 -0.138034
468 -0.138034
469 -0.138034
470 -0.138034
471 -0.138034
472 -0.138034
473 -0.138034
474 -0.138034
475 -0.138034
476 -0.138034
477 -0.138034
478 -0.138034
479 -0.138034
480 -0.138034
481 -0.138034
482 -0.138034
483 -0.138034
484 -0.138034
485 -0.138034
486 -0.138034
487 -0.138034
488 -0.138034
489 -0.138034
490 -0.138034
491 -0.138034
492 -0.138034
493 -0.138034
494 -0.138034
495 -0.138034
496 -0.138034
497 -0.138034
498 -0.138034
499 -0.138034
500 -0.138034
501 -0.138034
502 -0.138034
503 -0.138034
504 -0.138034
505 -0.138034
506 -0.138034
507 -0.138034
508 -0.138034
509 -0.138034
510 -0.138034
511 -0.138034
512 -0.138034
513 -0.138034
514 -0.138034
515 -0.138034
516 -0.138034
517 -0.138034
518 -0.138034
519 -0.138034
520 -0.138034
521 -0.138034
522 -0.138034
523 -0.138034
524 -0.138034
525 -0.138034
526 -0.138034
527 -0.138034
528 -0.138034
529 -0.138034
530 -0.138034
531 -0.138034
532 -0.138034
533 -0.138034
534 -0.138034
535 -0.0458713
536 -0.0458713
537 -0.0458713
538 -0.0458713
539 -0.0458713
540 -0.0458713
541 -0.0458713
542 -0.0458713
543 -0.0458713
544 -0.0458713
545 -0.0458713
546 -0.0458713
547 -0.0458713
548 0.0464138
549 0.0464138
550 0.0464138
551 0.0464138
552 0.0464138
553 0.0464138
554 0.0464138
555 0.0464138
556 0.138699
557 0.138699
558 0.138699
559 0.138699
560 0.138699
561 0.230862
562 0.230862
563 0.230862
564 0.230862
565 0.323147
566 0.323147
567 0.323147
568 0.415432
569 0.415432
570 0.415432
571 0.507595
572 0.507595
573 0.599881
574 0.599881
575 0.692166
576 0.692166
577 0.784329
578 0.784329
579 0.876614
580 0.876614
581 0.968899
582 1.06106
583 1.06106
584 1.15335
585 1.24563
586 1.3378
587 1.3378
588 1.43008
589 1.52237
590 1.61453
591 1.70681
592 1.7991
593 1.89126
594 1.98355
595 2.07571
596 2.26028
597 2.35244
598 2.44473
599 2.53701
600 2.72146
601 2.81375
602 2.9982
603 3.09048
604 3.27493
605 3.36721
606 3.55166
607 3.73611
608 3.8284
609 4.01284
610 4.19741
611 4.38186
612 4.56631
613 4.75088
614 4.93533
615 5.11978
616 5.30435
617 5.58108
618 5.76553
619 5.94998
620 6.22671
621 6.41116
622 6.68789
623 6.96463
624 7.1492
625 7.42593
626 7.70266
627 7.9794
628 8.16385
629 8.44058
630 8.71731
631 8.99405
632 9.27078
633 9.6398
634 9.91653
635 10.1933
636 10.4699
637 10.7466
638 11.1156
639 11.3924
640 11.6691
641 12.0381
642 12.3148
643 12.6837
644 12.9605
645 13.3295
646 13.6062
647 13.9752
648 14.252
649 14.6209
650 14.8976
651 15.2666
652 15.5434
653 15.9123
654 16.189
655 16.558
656 16.8347
657 17.2038
658 17.4805
659 17.7572
660 18.1261
661 18.4029
662 18.6796
663 18.9563
664 19.2331
665 19.6021
666 19.8788
667 20.0633
668 20.34
669 20.6167
670 20.8935
671 21.0779
672 21.3546
673 21.5392
674 21.8159
675 22.0004
676 22.1848
677 22.3694
678 22.5539
679 22.7383
680 22.9228
681 23.015
682 23.1995
683 23.2918
684 23.3841
685 23.4762
686 23.5685
687 23.6608
688 23.753
689 23.8452
690 23.8452
691 23.9375
692 23.9375
693 23.9375
694 23.9375
695 23.9375
696 23.8452
697 23.8452
698 23.8452
699 23.753
700 23.6608
701 23.5685
702 23.4762
703 23.3841
704 23.2918
705 23.1073
706 23.015
707 22.8306
708 22.6461
709 22.5539
710 22.3694
711 22.1848
712 21.9081
713 21.7237
714 21.5392
715 21.2625
716 21.0779
717 20.8012
718 20.6167
719 20.34
720 20.0633
721 19.7865
722 19.6021
723 19.3253
724 19.0486
725 18.7719
726 18.4951
727 18.1261
728 17.8494
729 17.5727
730 17.2959
731 17.0192
732 16.7425
733 16.4657
734 16.2813
735 16.0045
736 15.7278
737 15.5434
738 15.4511
739 15.2666
740 15.2666
741 15.2666
742 15.2666
743 15.4511
744 15.7278
745 16.189
746 16.7425
747 17.3882
748 18.3107
749 19.4175
750 20.6167
751 22.0927
752 23.753
753 25.5056
754 27.5349
755 29.5644
756 31.7782
757 34.0843
758 36.2981
759 38.512
760 40.6336
761 42.663
762 44.5078
763 46.076
764 47.4596
765 48.5666
766 49.4889
767 50.0424
768 50.5037
769 50.6881
770 50.7804
771 50.7804
772 50.7804
773 50.7804
774 50.9649
775 51.2416
776 51.8874
777 52.7174
778 53.9167
779 55.4848
780 57.4219
781 59.8202
782 62.5876
783 65.8161
784 69.5058
785 73.4723
786 77.8999
787 82.6967
788 87.8623
789 93.2124
790 98.9315
791 104.835
792 110.923
793 117.196
794 123.653
795 130.11
796 136.659
797 143.208
798 149.758
799 156.215
800 162.58
801 168.852
802 175.033
803 181.121
804 187.209
805 193.481
806 199.846
807 206.672
808 213.867
809 221.246
810 228.626
811 235.544
812 241.356
813 245.599
814 247.72
815 247.72
816 245.783
817 242.278
818 237.85
819 233.054
820 228.349
821 223.922
822 219.955
823 216.358
824 212.945
825 209.716
826 206.58
827 203.351
828 200.03
829 196.71
830 193.297
831 189.976
832 186.563
833 183.334
834 180.106
835 176.97
836 174.018
837 171.251
838 168.668
839 166.269
840 164.148
841 162.211
842 160.55
843 159.167
844 158.06
845 157.137
846 156.584
847 156.307
848 156.215
849 156.491
850 156.953
851 157.691
852 158.613
853 159.812
854 161.196
855 162.856
856 164.609
857 166.546
858 168.76
859 170.974
860 173.464
861 175.955
862 178.63
863 181.397
864 184.165
865 187.116
866 190.068
867 193.02
868 196.064
869 199.2
870 202.244
871 205.381
872 208.517
873 211.653
874 214.697
875 217.834
876 220.97
877 224.106
878 227.242
879 230.471
880 233.607
881 236.928
882 240.249
883 243.662
884 247.259
885 250.949
886 254.823
887 258.974
888 263.31
889 268.014
890 272.995
891 278.253
892 283.972
893 290.06
894 296.425
895 303.251
896 310.262
897 317.641
898 325.205
899 332.861
900 340.517
901 348.174
902 355.553
903 362.564
904 369.113
905 375.017
906 380.182
907 384.518
908 387.931
909 390.329
910 391.62
911 391.805
912 390.882
913 388.945
914 385.901
915 382.027
916 377.323
917 371.972
918 365.977
919 359.704
920 353.063
921 346.329
922 339.595
923 332.953
924 326.589
925 320.593
926 314.966
927 309.893
928 305.28
929 301.222
930 297.624
931 294.672
932 292.274
933 290.337
934 288.861
935 287.939
936 287.385
937 287.201
938 287.385
939 287.939
940 288.769
941 289.783
942 291.167
943 292.643
944 294.396
945 296.333
946 298.362
947 300.576
948 302.882
949 305.28
950 307.863
951 310.538
952 313.213
953 315.981
954 318.84
955 321.792
956 324.744
957 327.788
958 330.832
959 333.968
960 337.104
961 340.241
962 343.469
963 346.605
964 349.926
965 353.155
966 356.476
967 359.889
968 363.302
969 366.807
970 370.312
971 374.002
972 377.876
973 381.843
974 385.993
975 390.513
976 395.31
977 400.476
978 406.195
979 412.56
980 419.662
981 427.872
982 437.096
983 447.704
984 459.788
985 473.348
986 488.384
987 504.803
988 522.422
989 540.87
990 559.78
991 578.783
992 597.416
993 615.403
994 632.561
995 649.072
996 664.938
997 680.527
998 696.393
999 712.997
1000 730.892
1001 750.448
1002 772.125
1003 796.016
1004 822.49
1005 851.362
1006 882.817
1007 916.763
1008 953.568
1009 993.971
1010 1039.08
1011 1091.47
1012 1154.84
1013 1234.17
1014 1335.92
1015 1466.07
1016 1629.34
1017 1826.38
1018 2051.45
1019 2291.75
1020 2527.61
1021 2735.99
1022 2895.48
1023 2991.78
0 3022.31
1 2997.32
2 2937.36
3 2867.07
4 2807.94
5 2771.6
6 2756.84
7 2751.95
8 2745.95
9 2729.53
10 2657.58
11 2497.82
12 2301.62
13 2104.58
14 1911.15
15 1730.44
16 1571.23
17 1437.2
18 1327.06
19 1236.76
20 1161.21
21 1095.72
22 1036.59
23 981.518
24 929.031
25 878.482
26 829.777
27 782.825
28 737.81
29 695.102
30 654.699
31 616.879
32 581.827
33 549.634
34 520.208
35 493.826
36 470.12
37 449.273
38 430.916
39 414.958
40 401.029
41 388.853
42 378.061
43 368.375
44 359.427
45 350.849
46 342.362
47 333.876
48 325.205
49 316.257
50 307.033
51 297.532
52 287.939
53 278.438
54 269.029
55 260.081
56 251.595
57 243.754
58 236.651
59 230.286
60 224.659
61 219.863
62 215.804
63 212.391
64 209.532
65 207.318
66 205.381
67 203.905
68 202.705
69 201.783
70 200.953
71 200.307
72 199.662
73 199.2
74 198.647
75 198.278
76 197.817
77 197.355
78 196.986
79 196.525
80 196.064
81 195.603
82 195.049
83 194.588
84 194.035
85 193.481
86 192.928
87 192.282
88 191.636
89 190.991
90 190.345
91 189.607
92 188.869
93 188.131
94 187.393
95 186.563
96 185.733
97 184.902
98 183.98
99 183.058
100 182.135
101 181.213
102 180.198
103 179.183
104 178.169
105 177.154
106 176.139
107 175.033
108 173.926
109 172.819
110 171.712
111 170.512
112 169.406
113 168.206
114 167.1
115 165.9
116 164.793
117 163.687
118 162.58
119 161.565
120 160.642
121 159.905
122 159.259
123 158.89
124 158.705
125 158.798
126 159.351
127 160.181
128 161.565
129 163.318
130 165.624
131 168.483
132 171.712
133 175.494
134 179.552
135 183.98
136 188.408
137 192.928
138 197.171
139 201.137
140 204.458
141 207.225
142 209.07
143 210.085
144 209.993
145 208.978
146 206.949
147 203.997
148 200.215
149 195.787
150 190.898
151 185.548
152 180.106
153 174.571
154 169.221
155 163.963
156 159.167
157 154.647
158 150.496
159 146.806
160 143.393
161 140.441
162 137.674
163 135.091
164 132.785
165 130.479
166 128.265
167 125.959
168 123.745
169 121.347
170 118.948
171 116.458
172 113.875
173 111.384
174 108.802
175 106.496
176 104.466
177 102.898
178 102.068
179 102.068
180 102.99
181 104.835
182 107.233
183 109.816
184 111.846
185 112.86
186 112.215
187 109.724
188 105.296
189 99.485
190 92.7513
191 85.7406
192 79.0992
193 73.1033
194 68.1222
195 64.3402
196 63.8789
197 72.2731
198 84.9106
199 80.3905
200 63.6945
201 54.4701
202 52.0718
203 51.4261
204 51.2416
205 51.7951
206 53.0865
207 55.3926
208 58.5288
209 61.8496
210 64.8014
211 66.3695
212 66.2773
213 64.4324
214 61.4806
215 58.2521
216 55.3003
217 53.0865
218 51.4261
219 50.3191
220 49.3968
221 48.5666
222 47.5519
223 46.445
224 45.1535
225 43.6776
226 42.0172
227 40.3568
228 38.6964
229 36.9439
230 35.1912
231 33.6231
232 32.055
233 30.579
234 29.2876
235 28.0884
236 26.9815
237 25.9668
238 25.1366
239 24.3064
240 23.5685
241 22.9228
242 22.2771
243 21.7237
244 21.1702
245 20.709
246 20.2477
247 19.7865
248 19.3253
249 18.9563
250 18.4951
251 18.1261
252 17.7572
253 17.3882
254 17.0192
255 16.6503
256 16.3736
257 16.0045
258 15.7278
259 15.4511
260 15.1743
261 14.8976
262 14.6209
263 14.3441
264 14.0674
265 13.883
266 13.6985
267 13.4218
268 13.2372
269 13.0528
270 12.8683
271 12.6837
272 12.5916
273 12.407
274 12.3148
275 12.1303
276 12.0381
277 11.9458
278 11.8535
279 11.7614
280 11.7614
281 11.6691
282 11.5768
283 11.5768
284 11.5768
285 11.5768
286 11.5768
287 11.5768
288 11.5768
289 11.5768
290 11.5768
291 11.6691
292 11.6691
293 11.7614
294 11.7614
295 11.8535
296 11.9458
297 12.0381
298 12.1303
299 12.2226
300 12.3148
301 12.407
302 12.4993
303 12.5916
304 12.776
305 12.8683
306 12.9605
307 13.0528
308 13.2372
309 13.3295
310 13.4218
311 13.6062
312 13.6985
313 13.7907
314 13.883
315 14.0674
316 14.1597
317 14.252
318 14.3441
319 14.4364
320 14.5286
321 14.6209
322 14.6209
323 14.7132
324 14.8053
325 14.8053
326 14.8976
327 14.8976
328 14.9899
329 14.9899
330 14.9899
331 14.9899
332 14.9899
333 14.8976
334 14.8976
335 14.8053
336 14.8053
337 14.7132
338 14.6209
339 14.5286
340 14.4364
341 14.3441
342 14.252
343 14.0674
344 13.9752
345 13.7907
346 13.6062
347 13.5139
348 13.3295
349 13.145
350 12.9605
351 12.6837
352 12.4993
353 12.3148
354 12.0381
355 11.8535
356 11.5768
357 11.3924
358 11.1156
359 10.9312
360 10.6544
361 10.3777
362 10.101
363 9.82425
364 9.6398
365 9.36306
366 9.08633
367 8.8096
368 8.53286
369 8.25613
370 8.07156
371 7.79483
372 7.51809
373 7.24136
374 7.05691
375 6.78018
376 6.50345
377 6.319
378 6.04226
379 5.76553
380 5.58108
381 5.39651
382 5.11978
383 4.93533
384 4.75088
385 4.47415
386 4.28958
387 4.10513
388 3.92068
389 3.73611
390 3.55166
391 3.36721
392 3.18264
393 3.09048
394 2.90591
395 2.72146
396 2.62918
397 2.44473
398 2.35244
399 2.168
400 2.07571
401 1.98355
402 1.89126
403 1.70681
404 1.61453
405 1.52237
406 1.43008
407 1.3378
408 1.24563
409 1.15335
410 1.15335
411 1.06106
412 0.968899
413 0.876614
414 0.876614
415 0.784329
416 0.784329
417 0.692166
418 0.599881
419 0.599881
420 0.507595
421 0.507595
422 0.507595
423 0.415432
424 0.415432
425 0.323147
426 0.323147
427 0.323147
428 0.230862
429 0.230862
430 0.230862
431 0.230862
432 0.230862
433 0.138699
434 0.138699
435 0.138699
436 0.138699
437 0.138699
438 0.0464138
439 0.0464138
440 0.0464138
441 0.0464138
442 0.0464138
443 0.0464138
444 0.0464138
445 0.0464138
446 0.0464138
447 -0.0458713
448 -0.0458713
449 -0.0458713
450 -0.0458713
451 -0.0458713
452 -0.0458713
453 -0.0458713
454 -0.0458713
455 -0.0458713
456 -0.0458713
457 -0.0458713
458 -0.0458713
459 -0.0458713
460 -0.0458713
461 -0.0458713
462 -0.0458713
463 -0.0458713
464 -0.0458713
465 -0.0458713
466 -0.0458713
467 -0.138034
468 -0.138034
469 -0.138034
470 -0.138034
471 -0.138034
472 -0.138034
473 -0.138034
474 -0.138034
475 -0.138034
476 -0.138034
477 -0.138034
478 -0.138034
479 -0.138034
480 -0.138034
481 -0.138034
482 -0.138034
483 -0.138034
484 -0.138034
485 -0.138034
486 -0.138034
487 -0.138034
488 -0.138034
489 -0.138034
490 -0.138034
491 -0.138034
492 -0.138034
493 -0.138034
494 -0.138034
495 -0.138034
496 -0.138034
497 -0.138034
498 -0.138034
499 -0.138034
500 -0.138034
501 -0.138034
502 -0.138034
503 -0.138034
504 -0.138034
505 -0.138034
506 -0.138034
507 -0.138034
508 -0.138034
509 -0.138034
510 -0.138034
511 -0.138034
512 -0.138034
513 -0.138034
514 -0.138034
515 -0.138034
516 -0.138034
517 -0.138034
518 -0.138034
519 -0.138034
520 -0.138034
521 -0.138034
522 -0.138034
523 -0.138034
524 -0.138034
525 -0.138034
526 -0.138034
527 -0.138034
528 -0.138034
529 -0.138034
530 -0.138034
531 -0.138034
532 -0.138034
533 -0.138034
534 -0.138034
535 -0.0458713
536 -0.0458713
537 -0.0458713
538 -0.0458713
539 -0.0458713
540 -0.0458713
541 -0.0458713
542 -0.0458713
543 -0.0458713
544 -0.0458713
545 -0.0458713
546 -0.0458713
547 -0.0458713
548 0.0464138
549 0.0464138
550 0.0464138
551 0.0464138
552 0.0464138
553 0.0464138
554 0.0464138
555 0.0464138
556 0.138699
557 0.138699
558 0.138699
559 0.138699
560 0.138699
561 0.230862
562 0.230862
563 0.230862
564 0.230862
565 0.323147
566 0.323147
567 0.323147
568 0.415432
569 0.415432
570 0.415432
571 0.507595
572 0.507595
573 0.599881
574 0.599881
575 0.692166
576 0.692166
577 0.784329
578 0.784329
579 0.876614
580 0.876614
581 0.968899
582 1.06106
583 1.06106
584 1.15335
585 1.24563
586 1.3378
587 1.3378
588 1.43008
589 1.52237
590 1.61453
591 1.70681
592 1.7991
593 1.89126
594 1.98355
595 2.07571
596 2.26028
597 2.35244
598 2.44473
599 2.53701
600 2.72146
601 2.81375
602 2.9982
603 3.09048
604 3.27493
605 3.36721
606 3.55166
607 3.73611
608 3.8284
609 4.01284
610 4.19741
611 4.38186
612 4.56631
613 4.75088
614 4.93533
615 5.11978
616 5.30435
617 5.58108
618 5.76553
619 5.94998
620 6.22671
621 6.41116
622 6.68789
623 6.96463
624 7.1492
625 7.42593
626 7.70266
627 7.9794
628 8.16385
629 8.44058
630 8.71731
631 8.99405
632 9.27078
633 9.6398
634 9.91653
635 10.1933
636 10.4699
637 10.7466
638 11.1156
639 11.3924
640 11.6691
641 12.0381
642 12.3148
643 12.6837
644 12.9605
645 13.3295
646 13.6062
647 13.9752
648 14.252
649 14.6209
650 14.8976
651 15.2666
652 15.5434
653 15.9123
654 16.189
655 16.558
656 16.8347
657 17.2038
658 17.4805
659 17.7572
660 18.1261
661 18.4029
662 18.6796
663 18.9563
664 19.2331
665 19.6021
666 19.8788
667 20.0633
668 20.34
669 20.6167
670 20.8935
671 21.0779
672 21.3546
673 21.5392
674 21.8159
675 22.0004
676 22.1848
677 22.3694
678 22.5539
679 22.7383
680 22.9228
681 23.015
682 23.1995
683 23.2918
684 23.3841
685 23.4762
686 23.5685
687 23.6608
688 23.753
689 23.8452
690 23.8452
691 23.9375
692 23.9375
693 23.9375
694 23.9375
695 23.9375
696 23.8452
697 23.8452
698 23.8452
699 23.753
700 23.6608
701 23.5685
702 23.4762
703 23.3841
704 23.2918
705 23.1073
706 23.015
707 22.8306
708 22.6461
709 22.5539
710 22.3694
711 22.1848
712 21.9081
713 21.7237
714 21.5392
715 21.2625
716 21.0779
717 20.8012
718 20.6167
719 20.34
720 20.0633
721 19.7865
722 19.6021
723 19.3253
724 19.0486
725 18.7719
726 18.4951
727 18.1261
728 17.8494
729 17.5727
730 17.2959
731 17.0192
732 16.7425
733 16.4657
734 16.2813
735 16.0045
736 15.7278
737 15.5434
738 15.4511
739 15.2666
740 15.2666
741 15.2666
742 15.2666
743 15.4511
744 15.7278
745 16.189
746 16.7425
747 17.3882
748 18.3107
749 19.4175
750 20.6167
751 22.0927
752 23.753
753 25.5056
754 27.5349
755 29.5644
756 31.7782
757 34.0843
758 36.2981
759 38.512
760 40.6336
761 42.663
762 44.5078
763 46.076
764 47.4596
765 48.5666
766 49.4889
767 50.0424
768 50.5037
769 50.6881
770 50.7804
771 50.7804
772 50.7804
773 50.7804
774 50.9649
775 51.2416
776 51.8874
777 52.7174
778 53.9167
779 55.4848
780 57.4219
781 59.8202
782 62.5876
783 65.8161
784 69.5058
785 73.4723
786 77.8999
787 82.6967
788 87.8623
789 93.2124
790 98.9315
791 104.835
792 110.923
793 117.196
794 123.653
795 130.11
796 136.659
797 143.208
798 149.758
799 156.215
800 162.58
801 168.852
802 175.033
803 181.121
804 187.209
805 193.481
806 199.846
807 206.672
808 213.867
809 221.246
810 228.626
811 235.544
812 241.356
813 245.599
814 247.72
815 247.72
816 245.783
817 242.278
818 237.85
819 233.054
820 228.349
821 223.922
822 219.955
823 216.358
824 212.945
825 209.716
826 206.58
827 203.351
828 200.03
829 196.71
830 193.297
831 189.976
832 186.563
833 183.334
834 180.106
835 176.97
836 174.018
837 171.251
838 168.668
839 166.269
840 164.148
841 162.211
842 160.55
843 159.167
844 158.06
845 157.137
846 156.584
847 156.307
848 156.215
849 156.491
850 156.953
851 157.691
852 158.613
853 159.812
854 161.196
855 162.856
856 164.609
857 166.546
858 168.76
859 170.974
860 173.464
861 175.955
862 178.63
863 181.397
864 184.165
865 187.116
866 190.068
867 193.02
868 196.064
869 199.2
870 202.244
871 205.381
872 208.517
873 211.653
874 214.697
875 217.834
876 220.97
877 224.106
878 227.242
879 230.471
880 233.607
881 236.928
882 240.249
883 243.662
884 247.259
885 250.949
886 254.823
887 258.974
888 263.31
889 268.014
890 272.995
891 278.253
892 283.972
893 290.06
894 296.425
895 303.251
896 310.262
897 317.641
898 325.205
899 332.861
900 340.517
901 348.174
902 355.553
903 362.564
904 369.113
905 375.017
906 380.182
907 384.518
908 387.931
909 390.329
910 391.62
911 391.805
912 390.882
913 388.945
914 385.901
915 382.027
916 377.323
917 371.972
918 365.977
919 359.704
920 353.063
921 346.329
922 339.595
923 332.953
924 326.589
925 320.593
926 314.966
927 309.893
928 305.28
929 301.222
930 297.624
931 294.672
932 292.274
933 290.337
934 288.861
935 287.939
936 287.385
937 287.201
938 287.385
939 287.939
940 288.769
941 289.783
942 291.167
943 292.643
944 294.396
945 296.333
946 298.362
947 300.576
948 302.882
949 305.28
950 307.863
951 310.538
952 313.213
953 315.981
954 318.84
955 321.792
956 324.744
957 327.788
958 330.832
959 333.968
960 337.104
961 340.241
962 343.469
963 346.605
964 349.926
965 353.155
966 356.476
967 359.889
968 363.302
969 366.807
970 370.312
971 374.002
972 377.876
973 381.843
974 385.993
975 390.513
976 395.31
977 400.476
978 406.195
979 412.56
980 419.662
981 427.872
982 437.096
983 447.704
984 459.788
985 473.348
986 488.384
987 504.803
988 522.422
989 540.87
990 559.78
991 578.783
992 597.416
993 615.403
994 632.561
995 649.072
996 664.938
997 680.527
998 696.393
999 712.997
1000 730.892
1001 750.448
1002 772.125
1003 796.016
1004 822.49
1005 851.362
1006 882.817
1007 916.763
1008 953.568
1009 993.971
1010 1039.08
1011 1091.47
1012 1154.84
1013 1234.17
1014 1335.92
1015 1466.07
1016 1629.34
1017 1826.38
1018 2051.45
1019 2291.75
1020 2527.61
1021 2735.99
1022 2895.48
1023 2991.78
0 3022.31
1 2997.32
2 2937.36
3 2867.07
4 2807.94
5 2771.6
6 2756.84
7 2751.95
8 2745.95
9 2729.53
10 2657.58
11 2497.82
12 2301.62
13 2104.58
14 1911.15
15 1730.44
16 1571.23
17 1437.2
18 1327.06
19 1236.76
20 1161.21
21 1095.72
22 1036.59
23 981.518
24 929.031
25 878.482
26 829.777
27 782.825
28 737.81
29 695.102
30 654.699
31 616.879
32 581.827
33 549.634
34 520.208
35 493.826
36 470.12
37 449.273
38 430.916
39 414.958
40 401.029
41 388.853
42 378.061
43 368.375
44 359.427
45 350.849
46 342.362
47 333.876
48 325.205
49 316.257
50 307.033
51 297.532
52 287.939
53 278.438
54 269.029
55 260.081
56 251.595
57 243.754
58 236.651
59 230.286
60 224.659
61 219.863
62 215.804
63 212.391
64 209.532
65 207.318
66 205.381
67 203.905
68 202.705
69 201.783
70 200.953
71 200.307
72 199.662
73 199.2
74 198.647
75 198.278
76 197.817
77 197.355
78 196.986
79 196.525
80 196.064
81 195.603
82 195.049
83 194.588
84 194.035
85 193.481
86 192.928
87 192.282
88 191.636
89 190.991
90 190.345
91 189.607
92 188.869
93 188.131
94 187.393
95 186.563
96 185.733
97 184.902
98 183.98
99 183.058
100 182.135
101 181.213
102 180.198
103 179.183
104 178.169
105 177.154
106 176.139
107 175.033
108 173.926
109 172.819
110 171.712
111 170.512
112 169.406
113 168.206
114 167.1
115 165.9
116 164.793
117 163.687
118 162.58
119 161.565
120 160.642
121 159.905
122 159.259
123 158.89
124 158.705
125 158.798
126 159.351
127 160.181
128 161.565
129 163.318
130 165.624
131 168.483
132 171.712
133 175.494
134 179.552
135 183.98
136 188.408
137 192.928
138 197.171
139 201.137
140 204.458
141 207.225
142 209.07
143 210.085
144 209.993
145 208.978
146 206.949
147 203.997
148 200.215
149 195.787
150 190.898
151 185.548
152 180.106
153 174.571
154 169.221
155 163.963
156 159.167
157 154.647
158 150.496
159 146.806
160 143.393
161 140.441
162 137.674
163 135.091
164 132.785
165 130.479
166 128.265
167 125.959
168 123.745
169 121.347
170 118.948
171 116.458
172 113.875
173 111.384
174 108.802
175 106.496
176 104.466
177 102.898
178 102.068
179 102.068
180 102.99
181 104.835
182 107.233
183 109.816
184 111.846
185 112.86
186 112.215
187 109.724
188 105.296
189 99.485
190 92.7513
191 85.7406
192 79.0992
193 73.1033
194 68.1222
195 64.3402
196 63.8789
197 72.2731
198 84.9106
199 80.3905
200 63.6945
201 54.4701
202 52.0718
203 51.4261
204 51.2416
205 51.7951
206 53.0865
207 55.3926
208 58.5288
209 61.8496
210 64.8014
211 66.3695
212 66.2773
213 64.4324
214 61.4806
215 58.2521
216 55.3003
217 53.0865
218 51.4261
219 50.3191
220 49.3968
221 48.5666
222 47.5519
223 46.445
224 45.1535
225 43.6776
226 42.0172
227 40.3568
228 38.6964
229 36.9439
230 35.1912
231 33.6231
232 32.055
233 30.579
234 29.2876
235 28.0884
236 26.9815
237 25.9668
238 25.1366
239 24.3064
240 23.5685
241 22.9228
242 22.2771
243 21.7237
244 21.1702
245 20.709
246 20.2477
247 19.7865
248 19.3253
249 18.9563
250 18.4951
251 18.1261
252 17.7572
253 17.3882
254 17.0192
255 16.6503
256 16.3736
257 16.0045
258 15.7278
259 15.4511
260 15.1743
261 14.8976
262 14.6209
263 14.3441
264 14.0674
265 13.883
266 13.6985
267 13.4218
268 13.2372
269 13.0528
270 12.8683
271 12.6837
272 12.5916
273 12.407
274 12.3148
275 12.1303
276 12.0381
277 11.9458
278 11.8535
279 11.7614
280 11.7614
281 11.6691
282 11.5768
283 11.5768
284 11.5768
285 11.5768
286 11.5768
287 11.5768
288 11.5768
289 11.5768
290 11.5768
291 11.6691
292 11.6691
293 11.7614
294 11.7614
295 11.8535
296 11.9458
297 12.0381
298 12.1303
299 12.2226
300 12.3148
301 12.407
302 12.4993
303 12.5916
304 12.776
305 12.8683
306 12.9605
307 13.0528
308 13.2372
309 13.3295
310 13.4218
311 13.6062
312 13.6985
313 13.7907
314 13.883
315 14.0674
316 14.1597
317 14.252
318 14.3441
319 14.4364
320 14.5286
321 14.6209
322 14.6209
323 14.7132
324 14.8053
325 14.8053
326 14.8976
327 14.8976
328 14.9899
329 14.9899
330 14.9899
331 14.9899
332 14.9899
333 14.8976
334 14.8976
335 14.8053
336 14.8053
337 14.7132
338 14.6209
339 14.5286
340 14.4364
341 14.3441
342 14.252
343 14.0674
344 13.9752
345 13.7907
346 13.6062
347 13.5139
348 13.3295
349 13.145
350 12.9605
351 12.6837
352 12.4993
353 12.3148
354 12.0381
355 11.8535
356 11.5768
357 11.3924
358 11.1156
359 10.9312
360 10.6544
361 10.3777
362 10.101
363 9.82425
364 9.6398
365 9.36306
366 9.08633
367 8.8096
368 8.53286
369 8.25613
370 8.07156
371 7.79483
372 7.51809
373 7.24136
374 7.05691
375 6.78018
376 6.50345
377 6.319
378 6.04226
379 5.76553
380 5.58108
381 5.39651
382 5.11978
383 4.93533
384 4.75088
385 4.47415
386 4.28958
387 4.10513
388 3.92068
389 3.73611
390 3.55166
391 3.36721
392 3.18264
393 3.09048
394 2.90591
395 2.72146
396 2.62918
397 2.44473
398 2.35244
399 2.168
400 2.07571
401 1.98355
402 1.89126
403 1.70681
404 1.61453
405 1.52237
406 1.43008
407 1.3378
408 1.24563
409 1.15335
410 1.15335
411 1.06106
412 0.968899
413 0.876614
414 0.876614
415 0.784329
416 0.784329
417 0.692166
418 0.599881
419 0.599881
420 0.507595
421 0.507595
422 0.507595
423 0.415432
424 0.415432
425 0.323147
426 0.323147
427 0.323147
428 0.230862
429 0.230862
430 0.230862
431 0.230862
432 0.230862
433 0.138699
434 0.138699
435 0.138699
436 0.138699
437 0.138699
438 0.0464138
439 0.0464138
440 0.0464138
441 0.0464138
442 0.0464138
443 0.0464138
444 0.0464138
445 0.0464138
446 0.0464138
447 -0.0458713
448 -0.0458713
449 -0.0458713
450 -0.0458713
451 -0.0458713
452 -0.0458713
453 -0.0458713
454 -0.0458713
455 -0.0458713
456 -0.0458713
457 -0.0458713
458 -0.0458713
459 -0.0458713
460 -0.0458713
461 -0.0458713
462 -0.0458713
463 -0.0458713
464 -0.0458713
465 -0.0458713
466 -0.0458713
467 -0.138034
468 -0.138034
469 -0.138034
470 -0.138034
471 -0.138034
472 -0.138034
473 -0.138034
474 -0.138034
475 -0.138034
476 -0.138034
477 -0.138034
478 -0.138034
479 -0.138034
480 -0.138034
481 -0.138034
482 -0.138034
483 -0.138034
484 -0.138034
485 -0.138034
486 -0.138034
487 -0.138034
488 -0.138034
489 -0.138034
490 -0.138034
491 -0.138034
492 -0.138034
493 -0.138034
494 -0.138034
495 -0.138034
496 -0.138034
497 -0.138034
498 -0.138034
499 -0.138034
500 -0.138034
501 -0.138034
502 -0.138034
503 -0.138034
504 -0.138034
505 -0.138034
506 -0.138034
507 -0.138034
508 -0.138034
509 -0.138034
510 -0.138034
511 -0.138034
512 -0.138034
513 -0.138034
514 -0.138034
515 -0.138034
516 -0.138034
517 -0.138034
518 -0.138034
519 -0.138034
520 -0.138034
521 -0.138034
522 -0.138034
523 -0.138034
524 -0.138034
525 -0.138034
526 -0.138034
527 -0.138034
528 -0.138034
529 -0.138034
530 -0.138034
531 -0.138034
532 -0.138034
533 -0.138034
534 -0.138034
535 -0.0458713
536 -0.0458713
537 -0.0458713
538 -0.0458713
539 -0.0458713
540 -0.0458713
541 -0.0458713
542 -0.0458713
543 -0.0458713
544 -0.0458713
545 -0.0458713
546 -0.0458713
547 -0.0458713
548 0.0464138
549 0.0464138
550 0.0464138
551 0.0464138
552 0.0464138
553 0.0464138
554 0.0464138
555 0.0464138
556 0.138699
557 0.138699
558 0.138699
559 0.138699
560 0.138699
561 0.230862
562 0.230862
563 0.230862
564 0.230862
565 0.323147
566 0.323147
567 0.323147
568 0.415432
569 0.415432
570 0.415432
571 0.507595
572 0.507595
573 0.599881
574 0.599881
575 0.692166
576 0.692166
577 0.784329
578 0.784329
579 0.876614
580 0.876614
581 0.968899
582 1.06106
583 1.06106
584 1.15335
585 1.24563
586 1.3378
587 1.3378
588 1.43008
589 1.52237
590 1.61453
591 1.70681
592 1.7991
593 1.89126
594 1.98355
595 2.07571
596 2.26028
597 2.35244
598 2.44473
599 2.53701
600 2.72146
601 2.81375
602 2.9982
603 3.09048
604 3.27493
605 3.36721
606 3.55166
607 3.73611
608 3.8284
609 4.01284
610 4.19741
611 4.38186
612 4.56631
613 4.75088
614 4.93533
615 5.11978
616 5.30435
617 5.58108
618 5.76553
619 5.94998
620 6.22671
621 6.41116
622 6.68789
623 6.96463
624 7.1492
625 7.42593
626 7.70266
627 7.9794
628 8.16385
629 8.44058
630 8.71731
631 8.99405
632 9.27078
633 9.6398
634 9.91653
635 10.1933
636 10.4699
637 10.7466
638 11.1156
639 11.3924
640 11.6691
641 12.0381
642 12.3148
643 12.6837
644 12.9605
645 13.3295
646 13.6062
647 13.9752
648 14.252
649 14.6209
650 14.8976
651 15.2666
652 15.5434
653 15.9123
654 16.189
655 16.558
656 16.8347
657 17.2038
658 17.4805
659 17.7572
660 18.1261
661 18.4029
662 18.6796
663 18.9563
664 19.2331
665 19.6021
666 19.8788
667 20.0633
668 20.34
669 20.6167
670 20.8935
671 21.0779
672 21.3546
673 21.5392
674 21.8159
675 22.0004
676 22.1848
677 22.3694
678 22.5539
679 22.7383
680 22.9228
681 23.015
682 23.1995
683 23.2918
684 23.3841
685 23.4762
686 23.5685
687 23.6608
688 23.753
689 23.8452
690 23.8452
691 23.9375
692 23.9375
693 23.9375
694 23.9375
695 23.9375
696 23.8452
697 23.8452
698 23.8452
699 23.753
700 23.6608
701 23.5685
702 23.4762
703 23.3841
704 23.2918
705 23.1073
706 23.015
707 22.8306
708 22.6461
709 22.5539
710 22.3694
711 22.1848
712 21.9081
713 21.7237
714 21.5392
715 21.2625
716 21.0779
717 20.8012
718 20.6167
719 20.34
720 20.0633
721 19.7865
722 19.6021
723 19.3253
724 19.0486
725 18.7719
726 18.4951
727 18.1261
728 17.8494
729 17.5727
730 17.2959
731 17.0192
732 16.7425
733 16.4657
734 16.2813
735 16.0045
736 15.7278
737 15.5434
738 15.4511
739 15.2666
740 15.2666
741 15.2666
742 15.2666
743 15.4511
744 15.7278
745 16.189
746 16.7425
747 17.3882
748 18.3107
749 19.4175
750 20.6167
751 22.0927
752 23.753
753 25.5056
754 27.5349
755 29.5644
756 31.7782
757 34.0843
758 36.2981
759 38.512
760 40.6336
761 42.663
762 44.5078
763 46.076
764 47.4596
765 48.5666
766 49.4889
767 50.0424
768 50.5037
769 50.6881
770 50.7804
771 50.7804
772 50.7804
773 50.7804
774 50.9649
775 51.2416
776 51.8874
777 52.7174
778 53.9167
779 55.4848
780 57.4219
781 59.8202
782 62.5876
783 65.8161
784 69.5058
785 73.4723
786 77.8999
787 82.6967
788 87.8623
789 93.2124
790 98.9315
791 104.835
792 110.923
793 117.196
794 123.653
795 130.11
796 136.659
797 143.208
798 149.758
799 156.215
800 162.58
801 168.852
802 175.033
803 181.121
804 187.209
805 193.481
806 199.846
807 206.672
808 213.867
809 221.246
810 228.626
811 235.544
812 241.356
813 245.599
814 247.72
815 247.72
816 245.783
817 242.278
818 237.85
819 233.054
820 228.349
821 223.922
822 219.955
823 216.358
824 212.945
825 209.716
826 206.58
827 203.351
828 200.03
829 196.71
830 193.297
831 189.976
832 186.563
833 183.334
834 180.106
835 176.97
836 174.018
837 171.251
838 168.668
839 166.269
840 164.148
841 162.211
842 160.55
843 159.167
844 158.06
845 157.137
846 156.584
847 156.307
848 156.215
849 156.491
850 156.953
851 157.691
852 158.613
853 159.812
854 161.196
855 162.856
856 164.609
857 166.546
858 168.76
859 170.974
860 173.464
861 175.955
862 178.63
863 181.397
864 184.165
865 187.116
866 190.068
867 193.02
868 196.064
869 199.2
870 202.244
871 205.381
872 208.517
873 211.653
874 214.697
875 217.834
876 220.97
877 224.106
878 227.242
879 230.471
880 233.607
881 236.928
882 240.249
883 243.662
884 247.259
885 250.949
886 254.823
887 258.974
888 263.31
889 268.014
890 272.995
891 278.253
892 283.972
893 290.06
894 296.425
895 303.251
896 310.262
897 317.641
898 325.205
899 332.861
900 340.517
901 348.174
902 355.553
903 362.564
904 369.113
905 375.017
906 380.182
907 384.518
908 387.931
909 390.329
910 391.62
911 391.805
912 390.882
913 388.945
914 385.901
915 382.027
916 377.323
917 371.972
918 365.977
919 359.704
920 353.063
921 346.329
922 339.595
923 332.953
924 326.589
925 320.593
926 314.966
927 309.893
928 305.28
929 301.222
930 297.624
931 294.672
932 292.274
933 290.337
934 288.861
935 287.939
936 287.385
937 287.201
938 287.385
939 287.939
940 288.769
941 289.783
942 291.167
943 292.643
944 294.396
945 296.333
946 298.362
947 300.576
948 302.882
949 305.28
950 307.863
951 310.538
952 313.213
953 315.981
954 318.84
955 321.792
956 324.744
957 327.788
958 330.832
959 333.968
960 337.104
961 340.241
962 343.469
963 346.605
964 349.926
965 353.155
966 356.476
967 359.889
968 363.302
969 366.807
970 370.312
971 374.002
972 377.876
973 381.843
974 385.993
975 390.513
976 395.31
977 400.476
978 406.195
979 412.56
980 419.662
981 427.872
982 437.096
983 447.704
984 459.788
985 473.348
986 488.384
987 504.803
988 522.422
989 540.87
990 559.78
991 578.783
992 597.416
993 615.403
994 632.561
995 649.072
996 664.938
997 680.527
998 696.393
999 712.997
1000 730.892
1001 750.448
1002 772.125
1003 796.016
1004 822.49
1005 851.362
1006 882.817
1007 916.763
1008 953.568
1009 993.971
1010 1039.08
1011 1091.47
1012 1154.84
1013 1234.17
1014 1335.92
1015 1466.07
1016 1629.34
1017 1826.38
1018 2051.45
1019 2291.75
1020 2527.61
1021 2735.99
1022 2895.48
1023 2991.78
0 3022.31
1 2997.32
2 2937.36
3 2867.07
4 2807.94
5 2771.6
6 2756.84
7 2751.95
8 2745.95
9 2729.53
10 2657.58
11 2497.82
12 2301.62
13 2104.58
14 1911.15
15 1730.44
16 1571.23
17 1437.2
18 1327.06
19 1236.76
20 1161.21
21 1095.72
22 1036.59
23 981.518
24 929.031
25 878.482
26 829.777
27 782.825
28 737.81
29 695.102
30 654.699
31 616.879
32 581.827
33 549.634
34 520.208
35 493.826
36 470.12
37 449.273
38 430.916
39 414.958
40 401.029
41 388.853
42 378.061
43 368.375
44 359.427
45 350.849
46 342.362
47 333.876
48 325.205
49 316.257
50 307.033
51 297.532
52 287.939
53 278.438
54 269.029
55 260.081
56 251.595
57 243.754
58 236.651
59 230.286
60 224.659
61 219.863
62 215.804
63 212.391
64 209.532
65 207.318
66 205.381
67 203.905
68 202.705
69 201.783
70 200.953
71 200.307
72 199.662
73 199.2
74 198.647
75 198.278
76 197.817
77 197.355
78 196.986
79 196.525
80 196.064
81 195.603
82 195.049
83 194.588
84 194.035
85 193.481
86 192.928
87 192.282
88 191.636
89 190.991
90 190.345
91 189.607
92 188.869
93 188.131
94 187.393
95 186.563
96 185.733
97 184.902
98 183.98
99 183.058
100 182.135
101 181.213
102 180.198
103 179.183
104 178.169
105 177.154
106 176.139
107 175.033
108 173.926
109 172.819
110 171.712
111 170.512
112 169.406
113 168.206
114 167.1
115 165.9
116 164.793
117 163.687
118 162.58
119 161.565
120 160.642
121 159.905
122 159.259
123 158.89
124 158.705
125 158.798
126 159.351
127 160.181
128 161.565
129 163.318
130 165.624
131 168.483
132 171.712
133 175.494
134 179.552
135 183.98
136 188.408
137 192.928
138 197.171
139 201.137
140 204.458
141 207.225
142 209.07
143 210.085
144 209.993
145 208.978
146 206.949
147 203.997
148 200.215
149 195.787
150 190.898
151 185.548
152 180.106
153 174.571
154 169.221
155 163.963
156 159.167
157 154.647
158 150.496
159 146.806
160 143.393
161 140.441
162 137.674
163 135.091
164 132.785
165 130.479
166 128.265
167 125.959
168 123.745
169 121.347
170 118.948
171 116.458
172 113.875
173 111.384
174 108.802
175 106.496
176 104.466
177 102.898
178 102.068
179 102.068
180 102.99
181 104.835
182 107.233
183 109.816
184 111.846
185 112.86
186 112.215
187 109.724
188 105.296
189 99.485
190 92.7513
191 85.7406
192 79.0992
193 73.1033
194 68.1222
195 64.3402
196 63.8789
197 72.2731
198 84.9106
199 80.3905
200 63.6945
201 54.4701
202 52.0718
203 51.4261
204 51.2416
205 51.7951
206 53.0865
207 55.3926
208 58.5288
209 61.8496
210 64.8014
211 66.3695
212 66.2773
213 64.4324
214 61.4806
215 58.2521
216 55.3003
217 53.0865
218 51.4261
219 50.3191
220 49.3968
221 48.5666
222 47.5519
223 46.445
224 45.1535
225 43.6776
226 42.0172
227 40.3568
228 38.6964
229 36.9439
230 35.1912
231 33.6231
232 32.055
233 30.579
234 29.2876
235 28.0884
236 26.9815
237 25.9668
238 25.1366
239 24.3064
240 23.5685
241 22.9228
242 22.2771
243 21.7237
244 21.1702
245 20.709
246 20.2477
247 19.7865
248 19.3253
249 18.9563
250 18.4951
251 18.1261
252 17.7572
253 17.3882
254 17.0192
255 16.6503
256 16.3736
257 16.0045
258 15.7278
259 15.4511
260 15.1743
261 14.8976
262 14.6209
263 14.3441
264 14.0674
265 13.883
266 13.6985
267 13.4218
268 13.2372
269 13.0528
270 12.8683
271 12.6837
272 12.5916
273 12.407
274 12.3148
275 12.1303
276 12.0381
277 11.9458
278 11.8535
279 11.7614
280 11.7614
281 11.6691
282 11.5768
283 11.5768
284 11.5768
285 11.5768
286 11.5768
287 11.5768
288 11.5768
289 11.5768
290 11.5768
291 11.6691
292 11.6691
293 11.7614
294 11.7614
295 11.8535
296 11.9458
297 12.0381
298 12.1303
299 12.2226
300 12.3148
301 12.407
302 12.4993
303 12.5916
304 12.776
305 12.8683
306 12.9605
307 13.0528
308 13.2372
309 13.3295
310 13.4218
311 13.6062
312 13.6985
313 13.7907
314 13.883
315 14.0674
316 14.1597
317 14.252
318 14.3441
319 14.4364
320 14.5286
321 14.6209
322 14.6209
323 14.7132
324 14.8053
325 14.8053
326 14.8976
327 14.8976
328 14.9899
329 14.9899
330 14.9899
331 14.9899
332 14.9899
333 14.8976
334 14.8976
335 14.8053
336 14.8053
337 14.7132
338 14.6209
339 14.5286
340 14.4364
341 14.3441
342 14.252
343 14.0674
344 13.9752
345 13.7907
346 13.6062
347 13.5139
348 13.3295
349 13.145
350 12.9605
351 12.6837
352 12.4993
353 12.3148
354 12.0381
355 11.8535
356 11.5768
357 11.3924
358 11.1156
359 10.9312
360 10.6544
361 10.3777
362 10.101
363 9.82425
364 9.6398
365 9.36306
366 9.08633
367 8.8096
368 8.53286
369 8.25613
370 8.07156
371 7.79483
372 7.51809
373 7.24136
374 7.05691
375 6.78018
376 6.50345
377 6.319
378 6.04226
379 5.76553
380 5.58108
381 5.39651
382 5.11978
383 4.93533
384 4.75088
385 4.47415
386 4.28958
387 4.10513
388 3.92068
389 3.73611
390 3.55166
391 3.36721
392 3.18264
393 3.09048
394 2.90591
395 2.72146
396 2.62918
397 2.44473
398 2.35244
399 2.168
400 2.07571
401 1.98355
402 1.89126
403 1.70681
404 1.61453
405 1.52237
406 1.43008
407 1.3378
408 1.24563
409 1.15335
410 1.15335
411 1.06106
412 0.968899
413 0.876614
414 0.876614
415 0.784329
416 0.784329
417 0.692166
418 0.599881
419 0.599881
420 0.507595
421 0.507595
422 0.507595
423 0.415432
424 0.415432
425 0.323147
426 0.323147
427 0.323147
428 0.230862
429 0.230862
430 0.230862
431 0.230862
432 0.230862
433 0.138699
434 0.138699
435 0.138699
436 0.138699
437 0.138699
438 0.0464138
439 0.0464138
440 0.0464138
441 0.0464138
442 0.0464138
443 0.0464138
444 0.0464138
445 0.0464138
446 0.0464138
447 -0.0458713
448 -0.0458713
449 -0.0458713
450 -0.0458713
451 -0.0458713
452 -0.0458713
453 -0.0458713
454 -0.0458713
455 -0.0458713
456 -0.0458713
457 -0.0458713
458 -0.0458713
459 -0.0458713
460 -0.0458713
461 -0.0458713
462 -0.0458713
463 -0.0458713
464 -0.0458713
465 -0.0458713
466 -0.0458713
467 -0.138034
468 -0.138034
469 -0.138034
470 -0.138034
471 -0.138034
472 -0.138034
473 -0.138034
474 -0.138034
475 -0.138034
476 -0.138034
477 -0.138034
478 -0.138034
479 -0.138034
480 -0.138034
481 -0.138034
482 -0.138034
483 -0.138034
484 -0.138034
485 -0.138034
486 -0.138034
487 -0.138034
488 -0.138034
489 -0.138034
490 -0.138034
491 -0.138034
492 -0.138034
493 -0.138034
494 -0.138034
495 -0.138034
496 -0.138034
497 -0.138034
498 -0.138034
499 -0.138034
500 -0.138034
501 -0.138034
502 -0.138034
503 -0.138034
504 -0.138034
505 -0.138034
506 -0.138034
507 -0.138034
508 -0.138034
509 -0.138034
510 -0.138034
511 -0.138034
512 -0.138034
513 -0.138034
514 -0.138034
515 -0.138034
516 -0.138034
517 -0.138034
518 -0.138034
519 -0.138034
520 -0.138034
521 -0.138034
522 -0.138034
523 -0.138034
524 -0.138034
525 -0.138034
526 -0.138034
527 -0.138034
528 -0.138034
529 -0.138034
530 -0.138034
531 -0.138034
532 -0.138034
533 -0.138034
534 -0.138034
535 -0.0458713
536 -0.0458713
537 -0.0458713
538 -0.0458713
539 -0.0458713
540 -0.0458713
541 -0.0458713
542 -0.0458713
543 -0.0458713
544 -0.0458713
545 -0.0458713
546 -0.0458713
547 -0.0458713
548 0.0464138
549 0.0464138
550 0.0464138
551 0.0464138
552 0.0464138
553 0.0464138
554 0.0464138
555 0.0464138
556 0.138699
557 0.138699
558 0.138699
559 0.138699
560 0.138699
561 0.230862
562 0.230862
563 0.230862
564 0.230862
565 0.323147
566 0.323147
567 0.323147
568 0.415432
569 0.415432
570 0.415432
571 0.507595
572 0.507595
573 0.599881
574 0.599881
575 0.692166
576 0.692166
577 0.784329
578 0.784329
579 0.876614
580 0.876614
581 0.968899
582 1.06106
583 1.06106
584 1.15335
585 1.24563
586 1.3378
587 1.3378
588 1.43008
589 1.52237
590 1.61453
591 1.70681
592 1.7991
593 1.89126
594 1.98355
595 2.07571
596 2.26028
597 2.35244
598 2.44473
599 2.53701
600 2.72146
601 2.81375
602 2.9982
603 3.09048
604 3.27493
605 3.36721
606 3.55166
607 3.73611
608 3.8284
609 4.01284
610 4.19741
611 4.38186
612 4.56631
613 4.75088
614 4.93533
615 5.11978
616 5.30435
617 5.58108
618 5.76553
619 5.94998
620 6.22671
621 6.41116
622 6.68789
623 6.96463
624 7.1492
625 7.42593
626 7.70266
627 7.9794
628 8.16385
629 8.44058
630 8.71731
631 8.99405
632 9.27078
633 9.6398
634 9.91653
635 10.1933
636 10.4699
637 10.7466
638 11.1156
639 11.3924
640 11.6691
641 12.0381
642 12.3148
643 12.6837
644 12.9605
645 13.3295
646 13.6062
647 13.9752
648 14.252
649 14.6209
650 14.8976
651 15.2666
652 15.5434
653 15.9123
654 16.189
655 16.558
656 16.8347
657 17.2038
658 17.4805
659 17.7572
660 18.1261
661 18.4029
662 18.6796
663 18.9563
664 19.2331
665 19.6021
666 19.8788
667 20.0633
668 20.34
669 20.6167
670 20.8935
671 21.0779
672 21.3546
673 21.5392
674 21.8159
675 22.0004
676 22.1848
677 22.3694
678 22.5539
679 22.7383
680 22.9228
681 23.015
682 23.1995
683 23.2918
684 23.3841
685 23.4762
686 23.5685
687 23.6608
688 23.753
689 23.8452
690 23.8452
691 23.9375
692 23.9375
693 23.9375
694 23.9375
695 23.9375
696 23.8452
697 23.8452
698 23.8452
699 23.753
700 23.6608
701 23.5685
702 23.4762
703 23.3841
704 23.2918
705 23.1073
706 23.015
707 22.8306
708 22.6461
709 22.5539
710 22.3694
711 22.1848
712 21.9081
713 21.7237
714 21.5392
715 21.2625
716 21.0779
717 20.8012
718 20.6167
719 20.34
720 20.0633
721 19.7865
722 19.6021
723 19.3253
724 19.0486
725 18.7719
726 18.4951
727 18.1261
728 17.8494
729 17.5727
730 17.2959
731 17.0192
732 16.7425
733 16.4657
734 16.2813
735 16.0045
736 15.7278
737 15.5434
738 15.4511
739 15.2666
740 15.2666
741 15.2666
742 15.2666
743 15.4511
744 15.7278
745 16.189
746 16.7425
747 17.3882
748 18.3107
749 19.4175
750 20.6167
751 22.0927
752 23.753
753 25.5056
754 27.5349
755 29.5644
756 31.7782
757 34.0843
758 36.2981
759 38.512
760 40.6336
761 42.663
762 44.5078
763 46.076
764 47.4596
765 48.5666
766 49.4889
767 50.0424
768 50.5037
769 50.6881
770 50.7804
771 50.7804
772 50.7804
773 50.7804
774 50.9649
775 51.2416
776 51.8874
777 52.7174
778 53.9167
779 55.4848
780 57.4219
781 59.8202
782 62.5876
783 65.8161
784 69.5058
785 73.4723
786 77.8999
787 82.6967
788 87.8623
789 93.2124
790 98.9315
791 104.835
792 110.923
793 117.196
794 123.653
795 130.11
796 136.659
797 143.208
798 149.758
799 156.215
800 162.58
801 168.852
802 175.033
803 181.121
804 187.209
805 193.481
806 199.846
807 206.672
808 213.867
809 221.246
810 228.626
811 235.544
812 241.356
813 245.599
814 247.72
815 247.72
816 245.783
817 242.278
818 237.85
819 233.054
820 228.349
821 223.922
822 219.955
823 216.358
824 212.945
825 209.716
826 206.58
827 203.351
828 200.03
829 196.71
830 193.297
831 189.976
832 186.563
833 183.334
834 180.106
835 176.97
836 174.018
837 171.251
838 168.668
839 166.269
840 164.148
841 162.211
842 160.55
843 159.167
844 158.06
845 157.137
846 156.584
847 156.307
848 156.215
849 156.491
850 156.953
851 157.691
852 158.613
853 159.812
854 161.196
855 162.856
856 164.609
857 166.546
858 168.76
859 170.974
860 173.464
861 175.955
862 178.63
863 181.397
864 184.165
865 187.116
866 190.068
867 193.02
868 196.064
869 199.2
870 202.244
871 205.381
872 208.517
873 211.653
874 214.697
875 217.834
876 220.97
877 224.106
878 227.242
879 230.471
880 233.607
881 236.928
882 240.249
883 243.662
884 247.259
885 250.949
886 254.823
887 258.974
888 263.31
889 268.014
890 272.995
891 278.253
892 283.972
893 290.06
894 296.425
895 303.251
896 310.262
897 317.641
898 325.205
899 332.861
900 340.517
901 348.174
902 355.553
903 362.564
904 369.113
905 375.017
906 380.182
907 384.518
908 387.931
909 390.329
910 391.62
911 391.805
912 390.882
913 388.945
914 385.901
915 382.027
916 377.323
917 371.972
918 365.977
919 359.704
920 353.063
921 346.329
922 339.595
923 332.953
924 326.589
925 320.593
926 314.966
927 309.893
928 305.28
929 301.222
930 297.624
931 294.672
932 292.274
933 290.337
934 288.861
935 287.939
936 287.385
937 287.201
938 287.385
939 287.939
940 288.769
941 289.783
942 291.167
943 292.643
944 294.396
945 296.333
946 298.362
947 300.576
948 302.882
949 305.28
950 307.863
951 310.538
952 313.213
953 315.981
954 318.84
955 321.792
956 324.744
957 327.788
958 330.832
959 333.968
960 337.104
961 340.241
962 343.469
963 346.605
964 349.926
965 353.155
966 356.476
967 359.889
968 363.302
969 366.807
970 370.312
971 374.002
972 377.876
973 381.843
974 385.993
975 390.513
976 395.31
977 400.476
978 406.195
979 412.56
980 419.662
981 427.872
982 437.096
983 447.704
984 459.788
985 473.348
986 488.384
987 504.803
988 522.422
989 540.87
990 559.78
991 578.783
992 597.416
993 615.403
994 632.561
995 649.072
996 664.938
997 680.527
998 696.393
999 712.997
1000 730.892
1001 750.448
1002 772.125
1003 796.016
1004 822.49
1005 851.362
1006 882.817
1007 916.763
1008 953.568
1009 993.971
1010 1039.08
1011 1091.47
1012 1154.84
1013 1234.17
1014 1335.92
1015 1466.07
1016 1629.34
1017 1826.38
1018 2051.45
1019 2291.75
1020 2527.61
1021 2735.99
1022 2895.48
1023 2991.78
