0 0 0 1216.27
0 0 1 1149.66
0 0 2 1089.84
0 0 3 1032.11
0 0 4 975.641
0 0 5 925.113
0 0 6 878.637
0 0 7 832.34
0 0 8 795.25
0 0 9 755.789
0 0 10 723.344
0 0 11 692.574
0 0 12 665.988
0 0 13 642.004
0 0 14 617.371
0 0 15 597.383
0 0 16 577.399
0 0 17 556.203
0 0 18 539.84
0 0 19 518.461
0 0 20 502.379
0 0 21 484.574
0 0 22 466.168
0 0 23 450.133
0 0 24 431.031
0 0 25 414.25
0 0 26 395.707
0 0 27 376.973
0 0 28 359.313
0 0 29 341.649
0 0 30 324.871
0 0 31 306.742
0 0 32 291.266
0 0 33 272.395
0 0 34 259.52
0 0 35 246.457
0 0 36 231.258
0 0 37 220.383
0 0 38 205.555
0 0 39 195.051
0 0 40 183.805
0 0 41 173.207
0 0 42 162.887
0 0 43 154.848
0 0 44 146.016
0 0 45 137.09
0 0 46 129.516
0 0 47 123.985
0 0 48 116.406
0 0 49 110.317
0 0 50 106.32
0 0 51 98.9767
0 0 52 92.2853
0 0 53 87.9611
0 0 54 82.5236
0 0 55 77.5041
0 0 56 72.8556
0 0 57 69.09
0 0 58 65.4181
0 0 59 61.2814
0 0 60 58.4455
0 0 61 54.8673
0 0 62 50.8712
0 0 63 49.8009
0 0 64 45.1525
0 0 65 41.715
0 0 66 39.5744
0 0 67 38.133
0 0 68 35.7189
0 0 69 36.2736
0 0 70 32.2306
0 0 71 29.5353
0 0 72 28.2814
0 0 73 28.5587
0 0 74 26.1408
0 0 75 25.4923
0 0 76 22.8439
0 0 77 21.4025
0 0 78 19.4962
0 0 79 18.2853
0 0 80 17.59
0 0 81 17.4025
0 0 82 16.1486
0 0 83 15.0783
0 0 84 16.008
0 0 85 13.2658
0 0 86 14.0119
0 0 87 13.2189
0 0 88 12.8478
0 0 89 12.5236
0 0 90 11.3166
0 0 91 11.7345
0 0 92 12.2462
0 0 93 10.0119
0 0 94 10.7111
0 0 95 10.7111
0 0 96 12.1056
0 0 97 14.0119
0 0 98 12.4298
0 0 99 12.5705
0 0 100 15.2189
0 0 101 13.4533
0 0 102 15.1252
0 0 103 13.547
0 0 104 15.7306
0 0 105 18.2853
0 0 106 15.7306
0 0 107 16.4259
0 0 108 18.1486
0 0 109 18.7072
0 0 110 18.008
0 0 111 19.59
0 0 112 20.797
0 0 113 20.2853
0 0 114 22.2384
0 0 115 20.7033
0 0 116 21.3556
0 0 117 24.5158
0 0 118 22.5627
0 0 119 23.9572
0 0 120 22.797
0 0 121 24.7033
0 0 122 22.6564
0 0 123 22.1916
0 0 124 24.0978
0 0 125 23.9103
0 0 126 22.3791
0 0 127 22.0509
0 0 128 22.8439
0 0 129 21.9142
0 0 130 21.215
0 0 131 19.3556
0 0 132 21.8205
0 0 133 18.8908
0 0 134 20.2384
0 0 135 17.8673
0 0 136 14.8009
0 0 137 15.9181
0 0 138 14.5705
0 0 139 14.4298
0 0 140 12.0119
0 0 141 11.0353
0 0 142 10.7111
0 0 143 10.0119
0 0 144 10.1994
0 0 145 8.5275
0 0 146 9.03922
0 0 147 7.7814
0 0 148 7.22672
0 0 149 8.29312
0 0 150 5.17984
0 0 151 6.38687
0 0 152 6.89859
0 0 153 7.59781
0 0 154 5.13297
0 0 155 4.94547
0 0 156 4.43765
0 0 157 4.66812
0 0 158 6.01578
0 0 159 1.46109
0 0 160 3.73843
0 0 161 3.69156
0 0 162 4.10953
0 0 163 3.59781
0 0 164 2.99625
0 0 165 0.531403
0 0 166 5.50406
0 0 167 1.97281
0 0 168 1.97281
0 0 169 1.04312
0 0 170 1.36734
0 0 171 -0.120941
0 0 172 1.09
0 0 173 1.55484
0 0 174 3.59781
0 0 175 0.113434
0 0 176 1.09
0 0 177 2.5314
0 0 178 2.11343
0 0 179 0.207184
0 0 180 0.343903
0 0 181 1.41422
0 0 182 1.97281
0 0 183 0.484528
0 0 184 1.46109
0 0 185 2.3439
0 0 186 1.41422
0 0 187 1.18375
0 0 188 0.855622
0 0 189 1.23062
0 0 190 0.437653
0 0 191 -1.32797
0 0 192 1.78531
0 0 193 0.484528
0 0 194 0.0665594
0 0 195 0.113434
0 0 196 -0.398284
0 0 197 0.343903
0 0 198 1.64859
0 0 199 0.160309
0 0 200 -0.0271906
0 0 201 -0.581878
0 0 202 0.531403
0 0 203 -0.492034
0 0 204 0.902497
0 0 205 0.484528
0 0 206 -0.0740656
0 0 207 -0.956878
0 0 208 0.625153
0 0 209 -1.14047
0 0 210 -0.816253
0 0 211 -0.0271906
0 0 212 1.41422
0 0 213 0.254059
0 0 214 0.207184
0 0 215 -0.538909
0 0 216 -1.60532
0 0 217 0.855622
0 0 218 -0.956878
0 0 219 -0.398284
0 0 220 -0.492034
0 0 221 -2.62875
0 0 222 -0.675628
0 0 223 -2.62875
0 0 224 -0.722503
0 0 225 -0.675628
0 0 226 -1.93344
0 0 227 1.04312
0 0 228 -0.492034
0 0 229 0.0196844
0 0 230 -0.0740656
0 0 231 -1.42172
0 0 232 -0.0271906
0 0 233 -1.14047
0 0 234 -1.93344
0 0 235 -0.675628
0 0 236 0.672028
0 0 237 -0.0740656
0 0 238 2.25015
0 0 239 0.855622
0 0 240 0.718903
0 0 241 -1.14047
0 0 242 -0.956878
0 0 243 1.04312
0 0 244 -0.722503
0 0 245 1.04312
0 0 246 0.390778
0 0 247 -1.60532
0 0 248 0.390778
0 0 249 0.390778
0 0 250 0.531403
0 0 251 -0.210784
0 0 252 -0.581878
0 0 253 -0.538909
0 0 254 -0.675628
0 0 255 -2.07016
0 0 256 0.855622
0 0 257 0.343903
0 0 258 0.996247
0 0 259 -0.163909
0 0 260 0.718903
0 0 261 -0.0271906
0 0 262 0.0665594
0 0 263 -0.675628
0 0 264 -0.769378
0 0 265 -0.351409
0 0 266 -0.445159
0 0 267 -2.02328
0 0 268 0.578278
0 0 269 -0.0271906
0 0 270 -0.628753
0 0 271 -0.581878
0 0 272 -0.304534
0 0 273 0.113434
0 0 274 -0.257659
0 0 275 -1.37485
0 0 276 -0.769378
0 0 277 0.113434
0 0 278 1.41422
0 0 279 -1.32797
0 0 280 0.437653
0 0 281 0.902497
0 0 282 -0.863128
0 0 283 -0.398284
0 0 284 -1.88657
0 0 285 -1.83969
0 0 286 -0.445159
0 0 287 0.254059
0 0 288 -1.0936
0 0 289 -0.538909
0 0 290 -1.18735
0 0 291 0.390778
0 0 292 0.0665594
0 0 293 -1.04672
0 0 294 0.578278
0 0 295 0.578278
0 0 296 0.300934
0 0 297 1.09
0 0 298 0.949372
0 0 299 0.0665594
0 0 300 0.765778
0 0 301 -1.32797
0 0 302 0.113434
0 0 303 -0.120941
0 0 304 -1.4686
0 0 305 -0.538909
0 0 306 0.718903
0 0 307 -1.74594
0 0 308 0.531403
0 0 309 -0.210784
0 0 310 -0.628753
0 0 311 0.765778
0 0 312 0.207184
0 0 313 0.672028
0 0 314 0.437653
0 0 315 0.484528
0 0 316 0.765778
0 0 317 0.160309
0 0 318 0.949372
0 0 319 2.06656
0 0 320 -0.445159
0 0 321 -0.722503
0 0 322 -0.910003
0 0 323 1.69547
0 0 324 0.343903
0 0 325 0.902497
0 0 326 1.69547
0 0 327 -0.398284
0 0 328 1.23062
0 0 329 0.765778
0 0 330 0.207184
0 0 331 0.207184
0 0 332 1.50797
0 0 333 1.55484
0 0 334 2.76187
0 0 335 -0.351409
0 0 336 1.97281
0 0 337 0.254059
0 0 338 2.01968
0 0 339 1.83218
0 0 340 0.300934
0 0 341 1.23062
0 0 342 2.16031
0 0 343 1.18375
0 0 344 2.43765
0 0 345 0.578278
0 0 346 2.39078
0 0 347 0.0196844
0 0 348 1.60172
0 0 349 1.73843
0 0 350 1.13687
0 0 351 0.718903
0 0 352 1.92593
0 0 353 1.60172
0 0 354 3.22672
0 0 355 3.55093
0 0 356 0.254059
0 0 357 2.715
0 0 358 -1.0936
0 0 359 2.25015
0 0 360 0.765778
0 0 361 1.73843
0 0 362 0.578278
0 0 363 1.09
0 0 364 1.78531
0 0 365 2.16031
0 0 366 -2.07016
0 0 367 0.160309
0 0 368 1.55484
0 0 369 -0.956878
0 0 370 1.36734
0 0 371 2.85562
0 0 372 2.06656
0 0 373 -0.351409
0 0 374 -1.23422
0 0 375 -0.0740656
0 0 376 -0.398284
0 0 377 -0.628753
0 0 378 -0.398284
0 0 379 1.69547
0 0 380 0.160309
0 0 381 -0.304534
0 0 382 0.765778
0 0 383 -0.816253
0 0 384 1.83218
0 0 385 0.300934
0 0 386 -0.910003
0 0 387 1.13687
0 0 388 1.60172
0 0 389 0.855622
0 0 390 0.672028
0 0 391 1.32047
0 0 392 0.625153
0 0 393 0.207184
0 0 394 1.04312
0 0 395 -0.304534
0 0 396 -0.398284
0 0 397 1.97281
0 0 398 -0.581878
0 0 399 0.949372
0 0 400 0.808747
0 0 401 -0.910003
0 0 402 -0.863128
0 0 403 1.87906
0 0 404 -0.863128
0 0 405 -0.816253
0 0 406 -0.628753
0 0 407 2.16031
0 0 408 0.949372
0 0 409 1.13687
0 0 410 -0.210784
0 0 411 -0.816253
0 0 412 -0.120941
0 0 413 -0.257659
0 0 414 1.32047
0 0 415 -0.163909
0 0 416 -2.35141
0 0 417 0.207184
0 0 418 0.625153
0 0 419 -0.628753
0 0 420 -0.351409
0 0 421 -1.55844
0 0 422 0.949372
0 0 423 -0.398284
0 0 424 1.64859
0 0 425 -0.120941
0 0 426 -0.863128
0 0 427 1.64859
0 0 428 -0.492034
0 0 429 -2.25766
0 0 430 0.808747
0 0 431 0.113434
0 0 432 2.20328
0 0 433 0.578278
0 0 434 -0.628753
0 0 435 -1.0936
0 0 436 0.437653
0 0 437 0.0196844
0 0 438 0.949372
0 0 439 0.672028
0 0 440 -0.581878
0 0 441 0.207184
0 0 442 0.207184
0 0 443 2.39078
0 0 444 -1.23422
0 0 445 0.0665594
0 0 446 1.04312
0 0 447 0.437653
0 0 448 0.160309
0 0 449 0.672028
0 0 450 2.3439
0 0 451 1.18375
0 0 452 -0.163909
0 0 453 0.531403
0 0 454 0.625153
0 0 455 -2.21078
0 0 456 0.625153
0 0 457 0.437653
0 0 458 -0.0740656
0 0 459 -0.0740656
0 0 460 1.92593
0 0 461 1.60172
0 0 462 -1.51157
0 0 463 0.484528
0 0 464 0.808747
0 0 465 1.04312
0 0 466 -0.769378
0 0 467 0.718903
0 0 468 -0.257659
0 0 469 0.855622
0 0 470 1.92593
0 0 471 -0.0271906
0 0 472 -0.910003
0 0 473 0.300934
0 0 474 1.46109
0 0 475 -2.07016
0 0 476 0.343903
0 0 477 1.64859
0 0 478 1.46109
0 0 479 -0.0740656
0 0 480 -1.74594
0 0 481 0.113434
0 0 482 0.300934
0 0 483 -0.0271906
0 0 484 0.531403
0 0 485 -0.910003
0 0 486 0.855622
0 0 487 1.32047
0 0 488 0.207184
0 0 489 1.46109
0 0 490 -0.628753
0 0 491 -1.04672
0 0 492 -0.210784
0 0 493 1.36734
0 0 494 0.437653
0 0 495 -0.538909
0 0 496 0.578278
0 0 497 0.855622
0 0 498 0.855622
0 0 499 -0.304534
0 0 500 -1.04672
0 0 501 0.625153
0 0 502 -0.816253
0 0 503 0.113434
0 0 504 -0.538909
0 0 505 -0.863128
0 0 506 0.207184
0 0 507 -0.675628
0 0 508 0.808747
0 0 509 0.996247
0 0 510 -0.581878
0 0 511 1.78531
0 0 512 -0.722503
0 0 513 -1.55844
0 0 514 0.0196844
0 0 515 -0.816253
0 0 516 -1.55844
0 0 517 -0.0271906
0 0 518 -0.210784
0 0 519 -1.18735
0 0 520 -0.816253
0 0 521 -0.304534
0 0 522 -0.0271906
0 0 523 0.0196844
0 0 524 -0.257659
0 0 525 0.531403
0 0 526 1.13687
0 0 527 0.949372
0 0 528 -1.04672
0 0 529 0.254059
0 0 530 -1.18735
0 0 531 -0.120941
0 0 532 0.855622
0 0 533 0.855622
0 0 534 -0.581878
0 0 535 0.484528
0 0 536 -0.538909
0 0 537 0.437653
0 0 538 0.160309
0 0 539 -0.398284
0 0 540 2.48453
0 0 541 0.0665594
0 0 542 1.50797
0 0 543 1.18375
0 0 544 1.04312
0 0 545 -1.60532
0 0 546 0.484528
0 0 547 -1.00375
0 0 548 0.0665594
0 0 549 0.160309
0 0 550 -0.210784
0 0 551 0.625153
0 0 552 0.437653
0 0 553 1.18375
0 0 554 1.32047
0 0 555 0.672028
0 0 556 -0.492034
0 0 557 -0.257659
0 0 558 0.160309
0 0 559 1.27359
0 0 560 0.855622
0 0 561 -0.0271906
0 0 562 0.0665594
0 0 563 2.3439
0 0 564 -1.97641
0 0 565 -0.628753
0 0 566 0.718903
0 0 567 -1.79282
0 0 568 0.578278
0 0 569 1.09
0 0 570 1.83218
0 0 571 0.996247
0 0 572 2.715
0 0 573 1.64859
0 0 574 0.765778
0 0 575 1.36734
0 0 576 1.18375
0 0 577 0.531403
0 0 578 -0.538909
0 0 579 0.160309
0 0 580 1.55484
0 0 581 0.531403
0 0 582 0.113434
0 0 583 -0.0271906
0 0 584 -1.51157
0 0 585 1.13687
0 0 586 -0.0740656
0 0 587 0.718903
0 0 588 1.73843
0 0 589 1.09
0 0 590 -0.910003
0 0 591 -0.304534
0 0 592 0.531403
0 0 593 1.46109
0 0 594 0.808747
0 0 595 2.43765
0 0 596 -0.722503
0 0 597 0.390778
0 0 598 -0.722503
0 0 599 0.0665594
0 0 600 1.55484
0 0 601 -0.0271906
0 0 602 -1.23422
0 0 603 0.0665594
0 0 604 1.04312
0 0 605 1.50797
0 0 606 -1.2811
0 0 607 -1.32797
0 0 608 -0.0271906
0 0 609 -0.163909
0 0 610 0.0196844
0 0 611 -0.816253
0 0 612 -1.2811
0 0 613 1.09
0 0 614 -2.07016
0 0 615 0.625153
0 0 616 2.5314
0 0 617 2.25015
0 0 618 0.718903
0 0 619 -0.910003
0 0 620 0.625153
0 0 621 0.0665594
0 0 622 -1.42172
0 0 623 -0.398284
0 0 624 0.672028
0 0 625 0.300934
0 0 626 1.78531
0 0 627 -0.538909
0 0 628 0.765778
0 0 629 0.300934
0 0 630 2.66812
0 0 631 -0.492034
0 0 632 -0.581878
0 0 633 -0.0740656
0 0 634 1.78531
0 0 635 -0.445159
0 0 636 1.13687
0 0 637 0.113434
0 0 638 -0.257659
0 0 639 2.01968
0 0 640 0.390778
0 0 641 -0.257659
0 0 642 1.36734
0 0 643 0.300934
0 0 644 0.855622
0 0 645 0.254059
0 0 646 -0.628753
0 0 647 -0.816253
0 0 648 -0.628753
0 0 649 1.73843
0 0 650 1.13687
0 0 651 -0.628753
0 0 652 0.160309
0 0 653 2.25015
0 0 654 1.60172
0 0 655 -0.675628
0 0 656 0.390778
0 0 657 0.0196844
0 0 658 0.996247
0 0 659 -0.581878
0 0 660 0.300934
0 0 661 -0.210784
0 0 662 1.46109
0 0 663 0.390778
0 0 664 -0.769378
0 0 665 -0.163909
0 0 666 0.531403
0 0 667 -0.398284
0 0 668 0.949372
0 0 669 1.55484
0 0 670 -0.769378
0 0 671 0.343903
0 0 672 -1.42172
0 0 673 0.160309
0 0 674 1.46109
0 0 675 0.625153
0 0 676 -0.956878
0 0 677 0.578278
0 0 678 -0.445159
0 0 679 0.300934
0 0 680 2.06656
0 0 681 -1.60532
0 0 682 -0.910003
0 0 683 1.87906
0 0 684 0.808747
0 0 685 0.300934
0 0 686 1.69547
0 0 687 2.01968
0 0 688 0.300934
0 0 689 -0.120941
0 0 690 1.23062
0 0 691 -1.0936
0 0 692 -1.32797
0 0 693 1.78531
0 0 694 0.300934
0 0 695 0.672028
0 0 696 -0.445159
0 0 697 -0.351409
0 0 698 -1.32797
0 0 699 0.437653
0 0 700 -1.32797
0 0 701 -0.956878
0 0 702 -1.32797
0 0 703 0.113434
0 0 704 0.902497
0 0 705 2.11343
0 0 706 1.32047
0 0 707 1.64859
0 0 708 -0.769378
0 0 709 -0.304534
0 0 710 0.578278
0 0 711 1.41422
0 0 712 -0.910003
0 0 713 -0.956878
0 0 714 1.13687
0 0 715 -0.0271906
0 0 716 -0.257659
0 0 717 -0.398284
0 0 718 1.50797
0 0 719 1.27359
0 0 720 0.808747
0 0 721 -0.304534
0 0 722 0.160309
0 0 723 1.69547
0 0 724 0.484528
0 0 725 -0.722503
0 0 726 -0.398284
0 0 727 -0.304534
0 0 728 -0.769378
0 0 729 -0.398284
0 0 730 -0.304534
0 0 731 0.855622
0 0 732 -0.863128
0 0 733 -1.37485
0 0 734 1.55484
0 0 735 0.0196844
0 0 736 -1.23422
0 0 737 0.343903
0 0 738 0.300934
0 0 739 0.625153
0 0 740 1.32047
0 0 741 0.765778
0 0 742 -0.816253
0 0 743 -1.0936
0 0 744 0.0665594
0 0 745 0.0665594
0 0 746 1.55484
0 0 747 1.41422
0 0 748 0.672028
0 0 749 0.855622
0 0 750 0.765778
0 0 751 -1.00375
0 0 752 0.207184
0 0 753 0.113434
0 0 754 1.18375
0 0 755 1.60172
0 0 756 0.113434
0 0 757 -0.163909
0 0 758 1.60172
0 0 759 1.78531
0 0 760 1.32047
0 0 761 -0.581878
0 0 762 1.27359
0 0 763 4.39078
0 0 764 0.625153
0 0 765 -0.956878
0 0 766 1.32047
0 0 767 -0.163909
0 0 768 -0.538909
0 0 769 0.113434
0 0 770 0.343903
0 0 771 -0.538909
0 0 772 0.390778
0 0 773 -0.120941
0 0 774 0.160309
0 0 775 -1.88657
0 0 776 -0.581878
0 0 777 -0.210784
0 0 778 1.23062
0 0 779 2.29703
0 0 780 2.5314
0 0 781 0.160309
0 0 782 -0.492034
0 0 783 -0.257659
0 0 784 -0.675628
0 0 785 -0.257659
0 0 786 0.300934
0 0 787 -0.398284
0 0 788 -0.304534
0 0 789 0.902497
0 0 790 0.0665594
0 0 791 -0.120941
0 0 792 0.578278
0 0 793 -0.722503
0 0 794 1.92593
0 0 795 0.765778
0 0 796 0.996247
0 0 797 -2.07016
0 0 798 -1.37485
0 0 799 0.343903
0 0 800 -0.0740656
0 0 801 1.23062
0 0 802 0.855622
0 0 803 -0.538909
0 0 804 0.718903
0 0 805 1.46109
0 0 806 3.27359
0 0 807 1.60172
0 0 808 2.48453
0 0 809 2.715
0 0 810 0.254059
0 0 811 1.60172
0 0 812 -0.722503
0 0 813 0.300934
0 0 814 0.672028
0 0 815 1.97281
0 0 816 0.672028
0 0 817 -1.14047
0 0 818 1.55484
0 0 819 -0.210784
0 0 820 2.06656
0 0 821 0.531403
0 0 822 1.60172
0 0 823 1.23062
0 0 824 0.113434
0 0 825 1.92593
0 0 826 1.73843
0 0 827 0.390778
0 0 828 0.625153
0 0 829 0.484528
0 0 830 -0.163909
0 0 831 0.160309
0 0 832 1.36734
0 0 833 1.92593
0 0 834 1.87906
0 0 835 0.902497
0 0 836 2.9025
0 0 837 1.78531
0 0 838 2.66812
0 0 839 2.62515
0 0 840 2.11343
0 0 841 1.36734
0 0 842 4.1564
0 0 843 1.23062
0 0 844 0.625153
0 0 845 1.46109
0 0 846 1.46109
0 0 847 4.43765
0 0 848 2.62515
0 0 849 0.578278
0 0 850 -0.769378
0 0 851 0.578278
0 0 852 0.484528
0 0 853 1.64859
0 0 854 1.04312
0 0 855 1.87906
0 0 856 1.09
0 0 857 0.343903
0 0 858 2.48453
0 0 859 -1.00375
0 0 860 1.13687
0 0 861 2.06656
0 0 862 1.60172
0 0 863 -0.120941
0 0 864 0.949372
0 0 865 1.50797
0 0 866 1.50797
0 0 867 2.29703
0 0 868 2.16031
0 0 869 0.484528
0 0 870 2.94937
0 0 871 0.718903
0 0 872 0.484528
0 0 873 0.949372
0 0 874 1.46109
0 0 875 -0.538909
0 0 876 3.59781
0 0 877 1.41422
0 0 878 0.300934
0 0 879 -1.0936
0 0 880 2.11343
0 0 881 1.41422
0 0 882 2.16031
0 0 883 1.69547
0 0 884 1.55484
0 0 885 1.46109
0 0 886 3.73843
0 0 887 1.78531
0 0 888 2.01968
0 0 889 2.76187
0 0 890 1.36734
0 0 891 1.97281
0 0 892 2.99625
0 0 893 2.5314
0 0 894 3.09
0 0 895 3.17984
0 0 896 2.11343
0 0 897 4.94547
0 0 898 2.20328
0 0 899 2.66812
0 0 900 0.949372
0 0 901 4.85562
0 0 902 3.04312
0 0 903 3.97281
0 0 904 2.66812
0 0 905 5.17984
0 0 906 2.06656
0 0 907 3.83218
0 0 908 5.92203
0 0 909 6.1564
0 0 910 6.1564
0 0 911 6.85172
0 0 912 5.78531
0 0 913 11.1759
0 0 914 11.5002
0 0 915 12.6642
0 0 916 10.7111
0 0 917 15.59
0 0 918 16.4259
0 0 919 19.7267
0 0 920 21.0275
0 0 921 24.9806
0 0 922 29.8595
0 0 923 32.1837
0 0 924 34.6955
0 0 925 40.5509
0 0 926 43.3869
0 0 927 49.7541
0 0 928 55.7033
0 0 929 56.4025
0 0 930 64.7658
0 0 931 66.5783
0 0 932 70.4845
0 0 933 71.508
0 0 934 76.0158
0 0 935 78.1056
0 0 936 78.4806
0 0 937 79.3166
0 0 938 76.8986
0 0 939 77.5939
0 0 940 73.922
0 0 941 70.1134
0 0 942 70.1603
0 0 943 66.7658
0 0 944 62.9064
0 0 945 60.7697
0 0 946 61.1877
0 0 947 59.2814
0 0 948 56.5861
0 0 949 54.215
0 0 950 53.008
0 0 951 54.215
0 0 952 56.633
0 0 953 51.1955
0 0 954 53.5666
0 0 955 54.3087
0 0 956 50.0783
0 0 957 51.8908
0 0 958 51.6134
0 0 959 50.2658
0 0 960 51.6134
0 0 961 51.3791
0 0 962 53.9845
0 0 963 56.5861
0 0 964 61.5587
0 0 965 66.3009
0 0 966 68.3009
0 0 967 73.9689
0 0 968 78.6173
0 0 969 83.59
0 0 970 86.6134
0 0 971 90.1916
0 0 972 92.6095
0 0 973 96.84
0 0 974 101.578
0 0 975 107.527
0 0 976 115.524
0 0 977 122.309
0 0 978 130.629
0 0 979 137.043
0 0 980 143.785
0 0 981 152.66
0 0 982 158.008
0 0 983 162.563
0 0 984 165.582
0 0 985 168.695
0 0 986 169.301
0 0 987 169.113
0 0 988 173.16
0 0 989 172.832
0 0 990 177.156
0 0 991 181.152
0 0 992 183.805
0 0 993 190.59
0 0 994 198.492
0 0 995 203.836
0 0 996 218.152
0 0 997 229.492
0 0 998 245.203
0 0 999 266.863
0 0 1000 300.188
0 0 1001 334.723
0 0 1002 371.723
0 0 1003 415.09
0 0 1004 467.098
0 0 1005 529.895
0 0 1006 603.379
0 0 1007 687.508
0 0 1008 784.235
0 0 1009 888.953
0 0 1010 1001.2
0 0 1011 1116.85
0 0 1012 1223.56
0 0 1013 1320.75
0 0 1014 1401.45
0 0 1015 1462.52
0 0 1016 1501.75
0 0 1017 1520.34
0 0 1018 1519.46
0 0 1019 1493.98
0 0 1020 1454.71
0 0 1021 1403.77
0 0 1022 1342.04
0 0 1023 1280.78
