0 1216.27
1 1149.66
2 1089.84
3 1032.11
4 975.641
5 925.113
6 878.637
7 832.34
8 795.25
9 755.789
10 723.344
11 692.574
12 665.988
13 642.004
14 617.371
15 597.383
16 577.399
17 556.203
18 539.84
19 518.461
20 502.379
21 484.574
22 466.168
23 450.133
24 431.031
25 414.25
26 395.707
27 376.973
28 359.313
29 341.649
30 324.871
31 306.742
32 291.266
33 272.395
34 259.52
35 246.457
36 231.258
37 220.383
38 205.555
39 195.051
40 183.805
41 173.207
42 162.887
43 154.848
44 146.016
45 137.09
46 129.516
47 123.985
48 116.406
49 110.317
50 106.32
51 98.9767
52 92.2853
53 87.9611
54 82.5236
55 77.5041
56 72.8556
57 69.09
58 65.4181
59 61.2814
60 58.4455
61 54.8673
62 50.8712
63 49.8009
64 45.1525
65 41.715
66 39.5744
67 38.133
68 35.7189
69 36.2736
70 32.2306
71 29.5353
72 28.2814
73 28.5587
74 26.1408
75 25.4923
76 22.8439
77 21.4025
78 19.4962
79 18.2853
80 17.59
81 17.4025
82 16.1486
83 15.0783
84 16.008
85 13.2658
86 14.0119
87 13.2189
88 12.8478
89 12.5236
90 11.3166
91 11.7345
92 12.2462
93 10.0119
94 10.7111
95 10.7111
96 12.1056
97 14.0119
98 12.4298
99 12.5705
100 15.2189
101 13.4533
102 15.1252
103 13.547
104 15.7306
105 18.2853
106 15.7306
107 16.4259
108 18.1486
109 18.7072
110 18.008
111 19.59
112 20.797
113 20.2853
114 22.2384
115 20.7033
116 21.3556
117 24.5158
118 22.5627
119 23.9572
120 22.797
121 24.7033
122 22.6564
123 22.1916
124 24.0978
125 23.9103
126 22.3791
127 22.0509
128 22.8439
129 21.9142
130 21.215
131 19.3556
132 21.8205
133 18.8908
134 20.2384
135 17.8673
136 14.8009
137 15.9181
138 14.5705
139 14.4298
140 12.0119
141 11.0353
142 10.7111
143 10.0119
144 10.1994
145 8.5275
146 9.03922
147 7.7814
148 7.22672
149 8.29312
150 5.17984
151 6.38687
152 6.89859
153 7.59781
154 5.13297
155 4.94547
156 4.43765
157 4.66812
158 6.01578
159 1.46109
160 3.73843
161 3.69156
162 4.10953
163 3.59781
164 2.99625
165 0.531403
166 5.50406
167 1.97281
168 1.97281
169 1.04312
170 1.36734
171 -0.120941
172 1.09
173 1.55484
174 3.59781
175 0.113434
176 1.09
177 2.5314
178 2.11343
179 0.207184
180 0.343903
181 1.41422
182 1.97281
183 0.484528
184 1.46109
185 2.3439
186 1.41422
187 1.18375
188 0.855622
189 1.23062
190 0.437653
191 -1.32797
192 1.78531
193 0.484528
194 0.0665594
195 0.113434
196 -0.398284
197 0.343903
198 1.64859
199 0.160309
200 -0.0271906
201 -0.581878
202 0.531403
203 -0.492034
204 0.902497
205 0.484528
206 -0.0740656
207 -0.956878
208 0.625153
209 -1.14047
210 -0.816253
211 -0.0271906
212 1.41422
213 0.254059
214 0.207184
215 -0.538909
216 -1.60532
217 0.855622
218 -0.956878
219 -0.398284
220 -0.492034
221 -2.62875
222 -0.675628
223 -2.62875
224 -0.722503
225 -0.675628
226 -1.93344
227 1.04312
228 -0.492034
229 0.0196844
230 -0.0740656
231 -1.42172
232 -0.0271906
233 -1.14047
234 -1.93344
235 -0.675628
236 0.672028
237 -0.0740656
238 2.25015
239 0.855622
240 0.718903
241 -1.14047
242 -0.956878
243 1.04312
244 -0.722503
245 1.04312
246 0.390778
247 -1.60532
248 0.390778
249 0.390778
250 0.531403
251 -0.210784
252 -0.581878
253 -0.538909
254 -0.675628
255 -2.07016
256 0.855622
257 0.343903
258 0.996247
259 -0.163909
260 0.718903
261 -0.0271906
262 0.0665594
263 -0.675628
264 -0.769378
265 -0.351409
266 -0.445159
267 -2.02328
268 0.578278
269 -0.0271906
270 -0.628753
271 -0.581878
272 -0.304534
273 0.113434
274 -0.257659
275 -1.37485
276 -0.769378
277 0.113434
278 1.41422
279 -1.32797
280 0.437653
281 0.902497
282 -0.863128
283 -0.398284
284 -1.88657
285 -1.83969
286 -0.445159
287 0.254059
288 -1.0936
289 -0.538909
290 -1.18735
291 0.390778
292 0.0665594
293 -1.04672
294 0.578278
295 0.578278
296 0.300934
297 1.09
298 0.949372
299 0.0665594
300 0.765778
301 -1.32797
302 0.113434
303 -0.120941
304 -1.4686
305 -0.538909
306 0.718903
307 -1.74594
308 0.531403
309 -0.210784
310 -0.628753
311 0.765778
312 0.207184
313 0.672028
314 0.437653
315 0.484528
316 0.765778
317 0.160309
318 0.949372
319 2.06656
320 -0.445159
321 -0.722503
322 -0.910003
323 1.69547
324 0.343903
325 0.902497
326 1.69547
327 -0.398284
328 1.23062
329 0.765778
330 0.207184
331 0.207184
332 1.50797
333 1.55484
334 2.76187
335 -0.351409
336 1.97281
337 0.254059
338 2.01968
339 1.83218
340 0.300934
341 1.23062
342 2.16031
343 1.18375
344 2.43765
345 0.578278
346 2.39078
347 0.0196844
348 1.60172
349 1.73843
350 1.13687
351 0.718903
352 1.92593
353 1.60172
354 3.22672
355 3.55093
356 0.254059
357 2.715
358 -1.0936
359 2.25015
360 0.765778
361 1.73843
362 0.578278
363 1.09
364 1.78531
365 2.16031
366 -2.07016
367 0.160309
368 1.55484
369 -0.956878
370 1.36734
371 2.85562
372 2.06656
373 -0.351409
374 -1.23422
375 -0.0740656
376 -0.398284
377 -0.628753
378 -0.398284
379 1.69547
380 0.160309
381 -0.304534
382 0.765778
383 -0.816253
384 1.83218
385 0.300934
386 -0.910003
387 1.13687
388 1.60172
389 0.855622
390 0.672028
391 1.32047
392 0.625153
393 0.207184
394 1.04312
395 -0.304534
396 -0.398284
397 1.97281
398 -0.581878
399 0.949372
400 0.808747
401 -0.910003
402 -0.863128
403 1.87906
404 -0.863128
405 -0.816253
406 -0.628753
407 2.16031
408 0.949372
409 1.13687
410 -0.210784
411 -0.816253
412 -0.120941
413 -0.257659
414 1.32047
415 -0.163909
416 -2.35141
417 0.207184
418 0.625153
419 -0.628753
420 -0.351409
421 -1.55844
422 0.949372
423 -0.398284
424 1.64859
425 -0.120941
426 -0.863128
427 1.64859
428 -0.492034
429 -2.25766
430 0.808747
431 0.113434
432 2.20328
433 0.578278
434 -0.628753
435 -1.0936
436 0.437653
437 0.0196844
438 0.949372
439 0.672028
440 -0.581878
441 0.207184
442 0.207184
443 2.39078
444 -1.23422
445 0.0665594
446 1.04312
447 0.437653
448 0.160309
449 0.672028
450 2.3439
451 1.18375
452 -0.163909
453 0.531403
454 0.625153
455 -2.21078
456 0.625153
457 0.437653
458 -0.0740656
459 -0.0740656
460 1.92593
461 1.60172
462 -1.51157
463 0.484528
464 0.808747
465 1.04312
466 -0.769378
467 0.718903
468 -0.257659
469 0.855622
470 1.92593
471 -0.0271906
472 -0.910003
473 0.300934
474 1.46109
475 -2.07016
476 0.343903
477 1.64859
478 1.46109
479 -0.0740656
480 -1.74594
481 0.113434
482 0.300934
483 -0.0271906
484 0.531403
485 -0.910003
486 0.855622
487 1.32047
488 0.207184
489 1.46109
490 -0.628753
491 -1.04672
492 -0.210784
493 1.36734
494 0.437653
495 -0.538909
496 0.578278
497 0.855622
498 0.855622
499 -0.304534
500 -1.04672
501 0.625153
502 -0.816253
503 0.113434
504 -0.538909
505 -0.863128
506 0.207184
507 -0.675628
508 0.808747
509 0.996247
510 -0.581878
511 1.78531
512 -0.722503
513 -1.55844
514 0.0196844
515 -0.816253
516 -1.55844
517 -0.0271906
518 -0.210784
519 -1.18735
520 -0.816253
521 -0.304534
522 -0.0271906
523 0.0196844
524 -0.257659
525 0.531403
526 1.13687
527 0.949372
528 -1.04672
529 0.254059
530 -1.18735
531 -0.120941
532 0.855622
533 0.855622
534 -0.581878
535 0.484528
536 -0.538909
537 0.437653
538 0.160309
539 -0.398284
540 2.48453
541 0.0665594
542 1.50797
543 1.18375
544 1.04312
545 -1.60532
546 0.484528
547 -1.00375
548 0.0665594
549 0.160309
550 -0.210784
551 0.625153
552 0.437653
553 1.18375
554 1.32047
555 0.672028
556 -0.492034
557 -0.257659
558 0.160309
559 1.27359
560 0.855622
561 -0.0271906
562 0.0665594
563 2.3439
564 -1.97641
565 -0.628753
566 0.718903
567 -1.79282
568 0.578278
569 1.09
570 1.83218
571 0.996247
572 2.715
573 1.64859
574 0.765778
575 1.36734
576 1.18375
577 0.531403
578 -0.538909
579 0.160309
580 1.55484
581 0.531403
582 0.113434
583 -0.0271906
584 -1.51157
585 1.13687
586 -0.0740656
587 0.718903
588 1.73843
589 1.09
590 -0.910003
591 -0.304534
592 0.531403
593 1.46109
594 0.808747
595 2.43765
596 -0.722503
597 0.390778
598 -0.722503
599 0.0665594
600 1.55484
601 -0.0271906
602 -1.23422
603 0.0665594
604 1.04312
605 1.50797
606 -1.2811
607 -1.32797
608 -0.0271906
609 -0.163909
610 0.0196844
611 -0.816253
612 -1.2811
613 1.09
614 -2.07016
615 0.625153
616 2.5314
617 2.25015
618 0.718903
619 -0.910003
620 0.625153
621 0.0665594
622 -1.42172
623 -0.398284
624 0.672028
625 0.300934
626 1.78531
627 -0.538909
628 0.765778
629 0.300934
630 2.66812
631 -0.492034
632 -0.581878
633 -0.0740656
634 1.78531
635 -0.445159
636 1.13687
637 0.113434
638 -0.257659
639 2.01968
640 0.390778
641 -0.257659
642 1.36734
643 0.300934
644 0.855622
645 0.254059
646 -0.628753
647 -0.816253
648 -0.628753
649 1.73843
650 1.13687
651 -0.628753
652 0.160309
653 2.25015
654 1.60172
655 -0.675628
656 0.390778
657 0.0196844
658 0.996247
659 -0.581878
660 0.300934
661 -0.210784
662 1.46109
663 0.390778
664 -0.769378
665 -0.163909
666 0.531403
667 -0.398284
668 0.949372
669 1.55484
670 -0.769378
671 0.343903
672 -1.42172
673 0.160309
674 1.46109
675 0.625153
676 -0.956878
677 0.578278
678 -0.445159
679 0.300934
680 2.06656
681 -1.60532
682 -0.910003
683 1.87906
684 0.808747
685 0.300934
686 1.69547
687 2.01968
688 0.300934
689 -0.120941
690 1.23062
691 -1.0936
692 -1.32797
693 1.78531
694 0.300934
695 0.672028
696 -0.445159
697 -0.351409
698 -1.32797
699 0.437653
700 -1.32797
701 -0.956878
702 -1.32797
703 0.113434
704 0.902497
705 2.11343
706 1.32047
707 1.64859
708 -0.769378
709 -0.304534
710 0.578278
711 1.41422
712 -0.910003
713 -0.956878
714 1.13687
715 -0.0271906
716 -0.257659
717 -0.398284
718 1.50797
719 1.27359
720 0.808747
721 -0.304534
722 0.160309
723 1.69547
724 0.484528
725 -0.722503
726 -0.398284
727 -0.304534
728 -0.769378
729 -0.398284
730 -0.304534
731 0.855622
732 -0.863128
733 -1.37485
734 1.55484
735 0.0196844
736 -1.23422
737 0.343903
738 0.300934
739 0.625153
740 1.32047
741 0.765778
742 -0.816253
743 -1.0936
744 0.0665594
745 0.0665594
746 1.55484
747 1.41422
748 0.672028
749 0.855622
750 0.765778
751 -1.00375
752 0.207184
753 0.113434
754 1.18375
755 1.60172
756 0.113434
757 -0.163909
758 1.60172
759 1.78531
760 1.32047
761 -0.581878
762 1.27359
763 4.39078
764 0.625153
765 -0.956878
766 1.32047
767 -0.163909
768 -0.538909
769 0.113434
770 0.343903
771 -0.538909
772 0.390778
773 -0.120941
774 0.160309
775 -1.88657
776 -0.581878
777 -0.210784
778 1.23062
779 2.29703
780 2.5314
781 0.160309
782 -0.492034
783 -0.257659
784 -0.675628
785 -0.257659
786 0.300934
787 -0.398284
788 -0.304534
789 0.902497
790 0.0665594
791 -0.120941
792 0.578278
793 -0.722503
794 1.92593
795 0.765778
796 0.996247
797 -2.07016
798 -1.37485
799 0.343903
800 -0.0740656
801 1.23062
802 0.855622
803 -0.538909
804 0.718903
805 1.46109
806 3.27359
807 1.60172
808 2.48453
809 2.715
810 0.254059
811 1.60172
812 -0.722503
813 0.300934
814 0.672028
815 1.97281
816 0.672028
817 -1.14047
818 1.55484
819 -0.210784
820 2.06656
821 0.531403
822 1.60172
823 1.23062
824 0.113434
825 1.92593
826 1.73843
827 0.390778
828 0.625153
829 0.484528
830 -0.163909
831 0.160309
832 1.36734
833 1.92593
834 1.87906
835 0.902497
836 2.9025
837 1.78531
838 2.66812
839 2.62515
840 2.11343
841 1.36734
842 4.1564
843 1.23062
844 0.625153
845 1.46109
846 1.46109
847 4.43765
848 2.62515
849 0.578278
850 -0.769378
851 0.578278
852 0.484528
853 1.64859
854 1.04312
855 1.87906
856 1.09
857 0.343903
858 2.48453
859 -1.00375
860 1.13687
861 2.06656
862 1.60172
863 -0.120941
864 0.949372
865 1.50797
866 1.50797
867 2.29703
868 2.16031
869 0.484528
870 2.94937
871 0.718903
872 0.484528
873 0.949372
874 1.46109
875 -0.538909
876 3.59781
877 1.41422
878 0.300934
879 -1.0936
880 2.11343
881 1.41422
882 2.16031
883 1.69547
884 1.55484
885 1.46109
886 3.73843
887 1.78531
888 2.01968
889 2.76187
890 1.36734
891 1.97281
892 2.99625
893 2.5314
894 3.09
895 3.17984
896 2.11343
897 4.94547
898 2.20328
899 2.66812
900 0.949372
901 4.85562
902 3.04312
903 3.97281
904 2.66812
905 5.17984
906 2.06656
907 3.83218
908 5.92203
909 6.1564
910 6.1564
911 6.85172
912 5.78531
913 11.1759
914 11.5002
915 12.6642
916 10.7111
917 15.59
918 16.4259
919 19.7267
920 21.0275
921 24.9806
922 29.8595
923 32.1837
924 34.6955
925 40.5509
926 43.3869
927 49.7541
928 55.7033
929 56.4025
930 64.7658
931 66.5783
932 70.4845
933 71.508
934 76.0158
935 78.1056
936 78.4806
937 79.3166
938 76.8986
939 77.5939
940 73.922
941 70.1134
942 70.1603
943 66.7658
944 62.9064
945 60.7697
946 61.1877
947 59.2814
948 56.5861
949 54.215
950 53.008
951 54.215
952 56.633
953 51.1955
954 53.5666
955 54.3087
956 50.0783
957 51.8908
958 51.6134
959 50.2658
960 51.6134
961 51.3791
962 53.9845
963 56.5861
964 61.5587
965 66.3009
966 68.3009
967 73.9689
968 78.6173
969 83.59
970 86.6134
971 90.1916
972 92.6095
973 96.84
974 101.578
975 107.527
976 115.524
977 122.309
978 130.629
979 137.043
980 143.785
981 152.66
982 158.008
983 162.563
984 165.582
985 168.695
986 169.301
987 169.113
988 173.16
989 172.832
990 177.156
991 181.152
992 183.805
993 190.59
994 198.492
995 203.836
996 218.152
997 229.492
998 245.203
999 266.863
1000 300.188
1001 334.723
1002 371.723
1003 415.09
1004 467.098
1005 529.895
1006 603.379
1007 687.508
1008 784.235
1009 888.953
1010 1001.2
1011 1116.85
1012 1223.56
1013 1320.75
1014 1401.45
1015 1462.52
1016 1501.75
1017 1520.34
1018 1519.46
1019 1493.98
1020 1454.71
1021 1403.77
1022 1342.04
1023 1280.78
