0 0 0 823.42
0 0 1 813.845
0 0 2 794.47
0 0 3 767.48
0 0 4 735.162
0 0 5 699.703
0 0 6 662.963
0 0 7 626.398
0 0 8 591.04
0 0 9 557.566
0 0 10 526.304
0 0 11 497.379
0 0 12 470.816
0 0 13 446.566
0 0 14 424.476
0 0 15 404.447
0 0 16 386.303
0 0 17 369.918
0 0 18 355.091
0 0 19 341.621
0 0 20 329.308
0 0 21 317.924
0 0 22 307.319
0 0 23 297.241
0 0 24 287.541
0 0 25 278.092
0 0 26 268.769
0 0 27 259.47
0 0 28 250.197
0 0 29 240.849
0 0 30 231.475
0 0 31 222.051
0 0 32 212.628
0 0 33 203.229
0 0 34 193.88
0 0 35 184.658
0 0 36 175.56
0 0 37 166.689
0 0 38 158.019
0 0 39 149.626
0 0 40 141.509
0 0 41 133.718
0 0 42 126.255
0 0 43 119.118
0 0 44 112.358
0 0 45 105.899
0 0 46 99.8176
0 0 47 94.0628
0 0 48 88.6346
0 0 49 83.5332
0 0 50 78.7333
0 0 51 74.235
0 0 52 69.9879
0 0 53 66.0173
0 0 54 62.2729
0 0 55 58.7547
0 0 56 55.4626
0 0 57 52.3465
0 0 58 49.4313
0 0 59 46.667
0 0 60 44.0786
0 0 61 41.6158
0 0 62 39.3038
0 0 63 37.0923
0 0 64 35.0065
0 0 65 33.0464
0 0 66 31.1616
0 0 67 29.3773
0 0 68 27.6936
0 0 69 26.1104
0 0 70 24.5775
0 0 71 23.145
0 0 72 21.788
0 0 73 20.4812
0 0 74 19.2498
0 0 75 18.0938
0 0 76 16.9881
0 0 77 15.9578
0 0 78 15.0028
0 0 79 14.073
0 0 80 13.2186
0 0 81 12.4144
0 0 82 11.6605
0 0 83 10.9568
0 0 84 10.3286
0 0 85 9.72543
0 0 86 9.17258
0 0 87 8.6951
0 0 88 8.24277
0 0 89 7.84067
0 0 90 7.46371
0 0 91 7.16214
0 0 92 6.88571
0 0 93 6.65955
0 0 94 6.48364
0 0 95 6.33286
0 0 96 6.23233
0 0 97 6.18207
0 0 98 6.15695
0 0 99 6.15695
0 0 100 6.20721
0 0 101 6.28259
0 0 102 6.40823
0 0 103 6.53391
0 0 104 6.70981
0 0 105 6.91086
0 0 106 7.13702
0 0 107 7.36319
0 0 108 7.63962
0 0 109 7.91608
0 0 110 8.21762
0 0 111 8.5192
0 0 112 8.82074
0 0 113 9.14746
0 0 114 9.47415
0 0 115 9.7757
0 0 116 10.1024
0 0 117 10.404
0 0 118 10.6804
0 0 119 10.9568
0 0 120 11.2081
0 0 121 11.4594
0 0 122 11.6605
0 0 123 11.8615
0 0 124 12.0123
0 0 125 12.1379
0 0 126 12.2385
0 0 127 12.2887
0 0 128 12.3139
0 0 129 12.3139
0 0 130 12.2636
0 0 131 12.1882
0 0 132 12.0626
0 0 133 11.9118
0 0 134 11.7359
0 0 135 11.5348
0 0 136 11.2835
0 0 137 11.0071
0 0 138 10.7307
0 0 139 10.404
0 0 140 10.0521
0 0 141 9.70032
0 0 142 9.32336
0 0 143 8.94641
0 0 144 8.54431
0 0 145 8.14224
0 0 146 7.74014
0 0 147 7.33807
0 0 148 6.91086
0 0 149 6.50876
0 0 150 6.10669
0 0 151 5.72974
0 0 152 5.32764
0 0 153 4.97583
0 0 154 4.59885
0 0 155 4.24704
0 0 156 3.92035
0 0 157 3.59366
0 0 158 3.29208
0 0 159 3.01566
0 0 160 2.73923
0 0 161 2.48792
0 0 162 2.26175
0 0 163 2.03558
0 0 164 1.83453
0 0 165 1.63348
0 0 166 1.45758
0 0 167 1.30679
0 0 168 1.15601
0 0 169 1.03036
0 0 170 0.904694
0 0 171 0.804199
0 0 172 0.703674
0 0 173 0.628265
0 0 174 0.552887
0 0 175 0.477478
0 0 176 0.4021
0 0 177 0.351837
0 0 178 0.301575
0 0 179 0.251312
0 0 180 0.226196
0 0 181 0.20105
0 0 182 0.175934
0 0 183 0.150787
0 0 184 0.125671
0 0 185 0.100525
0 0 186 0.0754089
0 0 187 0.0754089
0 0 188 0.0502625
0 0 189 0.0502625
0 0 190 0.0502625
0 0 191 0.0251465
0 0 192 0.0251465
0 0 193 0.0251465
0 0 194 0.0251465
0 0 195 0.0251465
0 0 196 0.0251465
0 0 197 0
0 0 198 0
0 0 199 0
0 0 200 0
0 0 201 0
0 0 202 0
0 0 203 0
0 0 204 0
0 0 205 0
0 0 206 0
0 0 207 0
0 0 208 0
0 0 209 0
0 0 210 0
0 0 211 0
0 0 212 0
0 0 213 0
0 0 214 0
0 0 215 0
0 0 216 0
0 0 217 0
0 0 218 0
0 0 219 0
0 0 220 0
0 0 221 0
0 0 222 0
0 0 223 0
0 0 224 0
0 0 225 0
0 0 226 0
0 0 227 0
0 0 228 0
0 0 229 0
0 0 230 0
0 0 231 0
0 0 232 0
0 0 233 0
0 0 234 0
0 0 235 0
0 0 236 0
0 0 237 0
0 0 238 0
0 0 239 0
0 0 240 0
0 0 241 0
0 0 242 0
0 0 243 0
0 0 244 0
0 0 245 0
0 0 246 0
0 0 247 0
0 0 248 0
0 0 249 0
0 0 250 0
0 0 251 0
0 0 252 0
0 0 253 0
0 0 254 0
0 0 255 0
0 0 256 0
0 0 257 0
0 0 258 0
0 0 259 0
0 0 260 0
0 0 261 0
0 0 262 0
0 0 263 0
0 0 264 0
0 0 265 0
0 0 266 0
0 0 267 0
0 0 268 0
0 0 269 0
0 0 270 0
0 0 271 0
0 0 272 0
0 0 273 0
0 0 274 0
0 0 275 0
0 0 276 0
0 0 277 0
0 0 278 0
0 0 279 0
0 0 280 0
0 0 281 0
0 0 282 0
0 0 283 0
0 0 284 0
0 0 285 0
0 0 286 0
0 0 287 0
0 0 288 0
0 0 289 0
0 0 290 0
0 0 291 0
0 0 292 0
0 0 293 0
0 0 294 0
0 0 295 0
0 0 296 0
0 0 297 0
0 0 298 0
0 0 299 0
0 0 300 0
0 0 301 0
0 0 302 0
0 0 303 0
0 0 304 0
0 0 305 0
0 0 306 0
0 0 307 0
0 0 308 0
0 0 309 0
0 0 310 0
0 0 311 0
0 0 312 0
0 0 313 0
0 0 314 0
0 0 315 0
0 0 316 0
0 0 317 0
0 0 318 0
0 0 319 0
0 0 320 0
0 0 321 0
0 0 322 0
0 0 323 0
0 0 324 0
0 0 325 0
0 0 326 0
0 0 327 0
0 0 328 0
0 0 329 0
0 0 330 0
0 0 331 0
0 0 332 0
0 0 333 0
0 0 334 0
0 0 335 0
0 0 336 0
0 0 337 0
0 0 338 0
0 0 339 0
0 0 340 0
0 0 341 0
0 0 342 0
0 0 343 0
0 0 344 0
0 0 345 0
0 0 346 0
0 0 347 0
0 0 348 0
0 0 349 0
0 0 350 0
0 0 351 0
0 0 352 0
0 0 353 0
0 0 354 0
0 0 355 0
0 0 356 0
0 0 357 0
0 0 358 0
0 0 359 0
0 0 360 0
0 0 361 0
0 0 362 0
0 0 363 0
0 0 364 0
0 0 365 0
0 0 366 0
0 0 367 0
0 0 368 0
0 0 369 0
0 0 370 0
0 0 371 0
0 0 372 0
0 0 373 0
0 0 374 0
0 0 375 0
0 0 376 0
0 0 377 0
0 0 378 0
0 0 379 0
0 0 380 0
0 0 381 0
0 0 382 0
0 0 383 0
0 0 384 0
0 0 385 0
0 0 386 0
0 0 387 0
0 0 388 0
0 0 389 0
0 0 390 0
0 0 391 0
0 0 392 0
0 0 393 0
0 0 394 0
0 0 395 0
0 0 396 0
0 0 397 0
0 0 398 0
0 0 399 0
0 0 400 0
0 0 401 0
0 0 402 0
0 0 403 0
0 0 404 0
0 0 405 0
0 0 406 0
0 0 407 0
0 0 408 0
0 0 409 0
0 0 410 0
0 0 411 0
0 0 412 0
0 0 413 0
0 0 414 0
0 0 415 0
0 0 416 0
0 0 417 0
0 0 418 0
0 0 419 0
0 0 420 0
0 0 421 0
0 0 422 0
0 0 423 0
0 0 424 0
0 0 425 0
0 0 426 0
0 0 427 0
0 0 428 0
0 0 429 0
0 0 430 0
0 0 431 0
0 0 432 0
0 0 433 0
0 0 434 0
0 0 435 0
0 0 436 0
0 0 437 0
0 0 438 0
0 0 439 0
0 0 440 0
0 0 441 0
0 0 442 0
0 0 443 0
0 0 444 0
0 0 445 0
0 0 446 0
0 0 447 0
0 0 448 0
0 0 449 0
0 0 450 0
0 0 451 0
0 0 452 0
0 0 453 0
0 0 454 0
0 0 455 0
0 0 456 0
0 0 457 0
0 0 458 0
0 0 459 0
0 0 460 0
0 0 461 0
0 0 462 0
0 0 463 0
0 0 464 0
0 0 465 0
0 0 466 0
0 0 467 0
0 0 468 0
0 0 469 0
0 0 470 0
0 0 471 0
0 0 472 0
0 0 473 0
0 0 474 0
0 0 475 0
0 0 476 0
0 0 477 0
0 0 478 0
0 0 479 0
0 0 480 0
0 0 481 0
0 0 482 0
0 0 483 0
0 0 484 0
0 0 485 0
0 0 486 0
0 0 487 0
0 0 488 0
0 0 489 0
0 0 490 0
0 0 491 0
0 0 492 0
0 0 493 0
0 0 494 0
0 0 495 0
0 0 496 0
0 0 497 0
0 0 498 0
0 0 499 0
0 0 500 0
0 0 501 0
0 0 502 0
0 0 503 0
0 0 504 0
0 0 505 0
0 0 506 0
0 0 507 0
0 0 508 0
0 0 509 0
0 0 510 0
0 0 511 0
0 0 512 0
0 0 513 0
0 0 514 0
0 0 515 0
0 0 516 0
0 0 517 0
0 0 518 0
0 0 519 0
0 0 520 0
0 0 521 0
0 0 522 0
0 0 523 0
0 0 524 0
0 0 525 0
0 0 526 0
0 0 527 0
0 0 528 0
0 0 529 0
0 0 530 0
0 0 531 0
0 0 532 0
0 0 533 0
0 0 534 0
0 0 535 0
0 0 536 0
0 0 537 0
0 0 538 0
0 0 539 0
0 0 540 0
0 0 541 0
0 0 542 0
0 0 543 0
0 0 544 0
0 0 545 0
0 0 546 0
0 0 547 0
0 0 548 0
0 0 549 0
0 0 550 0
0 0 551 0
0 0 552 0
0 0 553 0
0 0 554 0
0 0 555 0
0 0 556 0
0 0 557 0
0 0 558 0
0 0 559 0
0 0 560 0
0 0 561 0
0 0 562 0
0 0 563 0
0 0 564 0
0 0 565 0
0 0 566 0
0 0 567 0
0 0 568 0
0 0 569 0
0 0 570 0
0 0 571 0
0 0 572 0
0 0 573 0
0 0 574 0
0 0 575 0
0 0 576 0
0 0 577 0
0 0 578 0
0 0 579 0
0 0 580 0
0 0 581 0
0 0 582 0
0 0 583 0
0 0 584 0
0 0 585 0
0 0 586 0
0 0 587 0
0 0 588 0
0 0 589 0
0 0 590 0
0 0 591 0
0 0 592 0
0 0 593 0
0 0 594 0
0 0 595 0
0 0 596 0
0 0 597 0
0 0 598 0
0 0 599 0
0 0 600 0
0 0 601 0
0 0 602 0
0 0 603 0
0 0 604 0
0 0 605 0
0 0 606 0
0 0 607 0
0 0 608 0
0 0 609 0
0 0 610 0
0 0 611 0
0 0 612 0
0 0 613 0
0 0 614 0
0 0 615 0
0 0 616 0
0 0 617 0
0 0 618 0
0 0 619 0
0 0 620 0
0 0 621 0
0 0 622 0
0 0 623 0
0 0 624 0
0 0 625 0
0 0 626 0
0 0 627 0
0 0 628 0
0 0 629 0
0 0 630 0
0 0 631 0
0 0 632 0
0 0 633 0
0 0 634 0
0 0 635 0
0 0 636 0
0 0 637 0
0 0 638 0
0 0 639 0
0 0 640 0
0 0 641 0
0 0 642 0
0 0 643 0
0 0 644 0
0 0 645 0
0 0 646 0
0 0 647 0
0 0 648 0
0 0 649 0
0 0 650 0
0 0 651 0
0 0 652 0
0 0 653 0
0 0 654 0
0 0 655 0
0 0 656 0
0 0 657 0
0 0 658 0
0 0 659 0
0 0 660 0
0 0 661 0
0 0 662 0
0 0 663 0
0 0 664 0
0 0 665 0
0 0 666 0
0 0 667 0
0 0 668 0
0 0 669 0
0 0 670 0
0 0 671 0
0 0 672 0
0 0 673 0
0 0 674 0
0 0 675 0
0 0 676 0
0 0 677 0
0 0 678 0
0 0 679 0
0 0 680 0
0 0 681 0
0 0 682 0
0 0 683 0
0 0 684 0
0 0 685 0
0 0 686 0
0 0 687 0
0 0 688 0
0 0 689 0
0 0 690 0
0 0 691 0
0 0 692 0
0 0 693 0
0 0 694 0
0 0 695 0
0 0 696 0
0 0 697 0
0 0 698 0
0 0 699 0
0 0 700 0
0 0 701 0
0 0 702 0
0 0 703 0
0 0 704 0
0 0 705 0
0 0 706 0
0 0 707 0
0 0 708 0
0 0 709 0
0 0 710 0
0 0 711 0
0 0 712 0
0 0 713 0
0 0 714 0
0 0 715 0
0 0 716 0
0 0 717 0
0 0 718 0
0 0 719 0
0 0 720 0
0 0 721 0
0 0 722 0
0 0 723 0
0 0 724 0
0 0 725 0
0 0 726 0
0 0 727 0
0 0 728 0
0 0 729 0
0 0 730 0
0 0 731 0
0 0 732 0
0 0 733 0
0 0 734 0
0 0 735 0
0 0 736 0
0 0 737 0
0 0 738 0
0 0 739 0
0 0 740 0
0 0 741 0
0 0 742 0
0 0 743 0
0 0 744 0
0 0 745 0
0 0 746 0
0 0 747 0
0 0 748 0
0 0 749 0
0 0 750 0
0 0 751 0
0 0 752 0
0 0 753 0
0 0 754 0
0 0 755 0
0 0 756 0
0 0 757 0
0 0 758 0
0 0 759 0
0 0 760 0
0 0 761 0
0 0 762 0
0 0 763 0
0 0 764 0
0 0 765 0
0 0 766 0
0 0 767 0
0 0 768 0
0 0 769 0
0 0 770 0
0 0 771 0
0 0 772 0
0 0 773 0
0 0 774 0
0 0 775 0
0 0 776 0
0 0 777 0
0 0 778 0
0 0 779 0
0 0 780 0
0 0 781 0
0 0 782 0
0 0 783 0
0 0 784 0
0 0 785 0
0 0 786 0
0 0 787 0
0 0 788 0
0 0 789 0
0 0 790 0
0 0 791 0
0 0 792 0
0 0 793 0
0 0 794 0
0 0 795 0
0 0 796 0
0 0 797 0
0 0 798 0
0 0 799 0
0 0 800 0
0 0 801 0
0 0 802 0
0 0 803 0
0 0 804 0
0 0 805 0
0 0 806 0
0 0 807 0
0 0 808 0
0 0 809 0
0 0 810 0
0 0 811 0
0 0 812 0
0 0 813 0
0 0 814 0
0 0 815 0
0 0 816 0
0 0 817 0
0 0 818 0
0 0 819 0
0 0 820 0
0 0 821 0
0 0 822 0
0 0 823 0
0 0 824 0
0 0 825 0
0 0 826 0
0 0 827 0
0 0 828 0
0 0 829 0
0 0 830 0
0 0 831 0
0 0 832 0
0 0 833 0
0 0 834 0
0 0 835 0
0 0 836 0
0 0 837 0
0 0 838 0
0 0 839 0
0 0 840 0
0 0 841 0
0 0 842 0
0 0 843 0
0 0 844 0
0 0 845 0
0 0 846 0
0 0 847 0
0 0 848 0
0 0 849 0
0 0 850 0
0 0 851 0
0 0 852 0
0 0 853 0
0 0 854 0
0 0 855 0
0 0 856 0
0 0 857 0
0 0 858 0
0 0 859 0
0 0 860 0
0 0 861 0
0 0 862 0
0 0 863 0
0 0 864 0
0 0 865 0
0 0 866 0
0 0 867 0
0 0 868 0
0 0 869 0
0 0 870 0
0 0 871 0
0 0 872 0
0 0 873 0
0 0 874 0
0 0 875 0
0 0 876 0
0 0 877 0
0 0 878 0
0 0 879 0
0 0 880 0
0 0 881 0
0 0 882 0
0 0 883 0
0 0 884 0
0 0 885 0
0 0 886 0.0251465
0 0 887 0.0251465
0 0 888 0.0251465
0 0 889 0.0251465
0 0 890 0.0251465
0 0 891 0.0251465
0 0 892 0.0502625
0 0 893 0.0502625
0 0 894 0.0754089
0 0 895 0.0754089
0 0 896 0.100525
0 0 897 0.100525
0 0 898 0.125671
0 0 899 0.175934
0 0 900 0.20105
0 0 901 0.226196
0 0 902 0.276459
0 0 903 0.351837
0 0 904 0.4021
0 0 905 0.502625
0 0 906 0.578003
0 0 907 0.678528
0 0 908 0.804199
0 0 909 0.954956
0 0 910 1.13089
0 0 911 1.33191
0 0 912 1.53296
0 0 913 1.78427
0 0 914 2.08582
0 0 915 2.38739
0 0 916 2.76434
0 0 917 3.16644
0 0 918 3.64392
0 0 919 4.17163
0 0 920 4.77478
0 0 921 5.45328
0 0 922 6.23233
0 0 923 7.11188
0 0 924 8.1171
0 0 925 9.2731
0 0 926 10.5799
0 0 927 12.0374
0 0 928 13.696
0 0 929 15.5305
0 0 930 17.541
0 0 931 19.7273
0 0 932 22.0393
0 0 933 24.4518
0 0 934 26.8894
0 0 935 29.3271
0 0 936 31.6642
0 0 937 33.8506
0 0 938 35.7856
0 0 939 37.419
0 0 940 38.7007
0 0 941 39.6054
0 0 942 40.108
0 0 943 40.2336
0 0 944 39.9823
0 0 945 39.4295
0 0 946 38.575
0 0 947 37.5447
0 0 948 36.3887
0 0 949 35.1322
0 0 950 33.8757
0 0 951 32.6694
0 0 952 31.5134
0 0 953 30.4831
0 0 954 29.5533
0 0 955 28.7742
0 0 956 28.0957
0 0 957 27.5428
0 0 958 27.1156
0 0 959 26.7889
0 0 960 26.5879
0 0 961 26.4622
0 0 962 26.4371
0 0 963 26.4874
0 0 964 26.6633
0 0 965 26.9146
0 0 966 27.2664
0 0 967 27.769
0 0 968 28.4224
0 0 969 29.302
0 0 970 30.4831
0 0 971 32.0412
0 0 972 33.951
0 0 973 36.2128
0 0 974 38.6253
0 0 975 41.0378
0 0 976 43.2242
0 0 977 45.1843
0 0 978 46.9686
0 0 979 48.8031
0 0 980 50.9391
0 0 981 53.603
0 0 982 56.8699
0 0 983 60.6646
0 0 984 64.8111
0 0 985 69.0833
0 0 986 73.2046
0 0 987 76.9993
0 0 988 80.2411
0 0 989 82.8295
0 0 990 84.8148
0 0 991 86.197
0 0 992 87.1268
0 0 993 87.8053
0 0 994 88.4084
0 0 995 89.1624
0 0 996 90.1927
0 0 997 91.6251
0 0 998 93.6104
0 0 999 96.1486
0 0 1000 99.3653
0 0 1001 103.386
0 0 1002 108.437
0 0 1003 114.896
0 0 1004 123.415
0 0 1005 134.598
0 0 1006 148.872
0 0 1007 166.162
0 0 1008 186.065
0 0 1009 208.33
0 0 1010 233.511
0 0 1011 263.114
0 0 1012 298.925
0 0 1013 342.074
0 0 1014 392.636
0 0 1015 449.431
0 0 1016 510.522
0 0 1017 573.197
0 0 1018 634.49
0 0 1019 691.26
0 0 1020 740.465
0 0 1021 779.593
0 0 1022 806.884
0 0 1023 821.434
