0 823.42
1 813.845
2 794.47
3 767.48
4 735.162
5 699.703
6 662.963
7 626.398
8 591.04
9 557.566
10 526.304
11 497.379
12 470.816
13 446.566
14 424.476
15 404.447
16 386.303
17 369.918
18 355.091
19 341.621
20 329.308
21 317.924
22 307.319
23 297.241
24 287.541
25 278.092
26 268.769
27 259.47
28 250.197
29 240.849
30 231.475
31 222.051
32 212.628
33 203.229
34 193.88
35 184.658
36 175.56
37 166.689
38 158.019
39 149.626
40 141.509
41 133.718
42 126.255
43 119.118
44 112.358
45 105.899
46 99.8176
47 94.0628
48 88.6346
49 83.5332
50 78.7333
51 74.235
52 69.9879
53 66.0173
54 62.2729
55 58.7547
56 55.4626
57 52.3465
58 49.4313
59 46.667
60 44.0786
61 41.6158
62 39.3038
63 37.0923
64 35.0065
65 33.0464
66 31.1616
67 29.3773
68 27.6936
69 26.1104
70 24.5775
71 23.145
72 21.788
73 20.4812
74 19.2498
75 18.0938
76 16.9881
77 15.9578
78 15.0028
79 14.073
80 13.2186
81 12.4144
82 11.6605
83 10.9568
84 10.3286
85 9.72543
86 9.17258
87 8.6951
88 8.24277
89 7.84067
90 7.46371
91 7.16214
92 6.88571
93 6.65955
94 6.48364
95 6.33286
96 6.23233
97 6.18207
98 6.15695
99 6.15695
100 6.20721
101 6.28259
102 6.40823
103 6.53391
104 6.70981
105 6.91086
106 7.13702
107 7.36319
108 7.63962
109 7.91608
110 8.21762
111 8.5192
112 8.82074
113 9.14746
114 9.47415
115 9.7757
116 10.1024
117 10.404
118 10.6804
119 10.9568
120 11.2081
121 11.4594
122 11.6605
123 11.8615
124 12.0123
125 12.1379
126 12.2385
127 12.2887
128 12.3139
129 12.3139
130 12.2636
131 12.1882
132 12.0626
133 11.9118
134 11.7359
135 11.5348
136 11.2835
137 11.0071
138 10.7307
139 10.404
140 10.0521
141 9.70032
142 9.32336
143 8.94641
144 8.54431
145 8.14224
146 7.74014
147 7.33807
148 6.91086
149 6.50876
150 6.10669
151 5.72974
152 5.32764
153 4.97583
154 4.59885
155 4.24704
156 3.92035
157 3.59366
158 3.29208
159 3.01566
160 2.73923
161 2.48792
162 2.26175
163 2.03558
164 1.83453
165 1.63348
166 1.45758
167 1.30679
168 1.15601
169 1.03036
170 0.904694
171 0.804199
172 0.703674
173 0.628265
174 0.552887
175 0.477478
176 0.4021
177 0.351837
178 0.301575
179 0.251312
180 0.226196
181 0.20105
182 0.175934
183 0.150787
184 0.125671
185 0.100525
186 0.0754089
187 0.0754089
188 0.0502625
189 0.0502625
190 0.0502625
191 0.0251465
192 0.0251465
193 0.0251465
194 0.0251465
195 0.0251465
196 0.0251465
197 0
198 0
199 0
200 0
201 0
202 0
203 0
204 0
205 0
206 0
207 0
208 0
209 0
210 0
211 0
212 0
213 0
214 0
215 0
216 0
217 0
218 0
219 0
220 0
221 0
222 0
223 0
224 0
225 0
226 0
227 0
228 0
229 0
230 0
231 0
232 0
233 0
234 0
235 0
236 0
237 0
238 0
239 0
240 0
241 0
242 0
243 0
244 0
245 0
246 0
247 0
248 0
249 0
250 0
251 0
252 0
253 0
254 0
255 0
256 0
257 0
258 0
259 0
260 0
261 0
262 0
263 0
264 0
265 0
266 0
267 0
268 0
269 0
270 0
271 0
272 0
273 0
274 0
275 0
276 0
277 0
278 0
279 0
280 0
281 0
282 0
283 0
284 0
285 0
286 0
287 0
288 0
289 0
290 0
291 0
292 0
293 0
294 0
295 0
296 0
297 0
298 0
299 0
300 0
301 0
302 0
303 0
304 0
305 0
306 0
307 0
308 0
309 0
310 0
311 0
312 0
313 0
314 0
315 0
316 0
317 0
318 0
319 0
320 0
321 0
322 0
323 0
324 0
325 0
326 0
327 0
328 0
329 0
330 0
331 0
332 0
333 0
334 0
335 0
336 0
337 0
338 0
339 0
340 0
341 0
342 0
343 0
344 0
345 0
346 0
347 0
348 0
349 0
350 0
351 0
352 0
353 0
354 0
355 0
356 0
357 0
358 0
359 0
360 0
361 0
362 0
363 0
364 0
365 0
366 0
367 0
368 0
369 0
370 0
371 0
372 0
373 0
374 0
375 0
376 0
377 0
378 0
379 0
380 0
381 0
382 0
383 0
384 0
385 0
386 0
387 0
388 0
389 0
390 0
391 0
392 0
393 0
394 0
395 0
396 0
397 0
398 0
399 0
400 0
401 0
402 0
403 0
404 0
405 0
406 0
407 0
408 0
409 0
410 0
411 0
412 0
413 0
414 0
415 0
416 0
417 0
418 0
419 0
420 0
421 0
422 0
423 0
424 0
425 0
426 0
427 0
428 0
429 0
430 0
431 0
432 0
433 0
434 0
435 0
436 0
437 0
438 0
439 0
440 0
441 0
442 0
443 0
444 0
445 0
446 0
447 0
448 0
449 0
450 0
451 0
452 0
453 0
454 0
455 0
456 0
457 0
458 0
459 0
460 0
461 0
462 0
463 0
464 0
465 0
466 0
467 0
468 0
469 0
470 0
471 0
472 0
473 0
474 0
475 0
476 0
477 0
478 0
479 0
480 0
481 0
482 0
483 0
484 0
485 0
486 0
487 0
488 0
489 0
490 0
491 0
492 0
493 0
494 0
495 0
496 0
497 0
498 0
499 0
500 0
501 0
502 0
503 0
504 0
505 0
506 0
507 0
508 0
509 0
510 0
511 0
512 0
513 0
514 0
515 0
516 0
517 0
518 0
519 0
520 0
521 0
522 0
523 0
524 0
525 0
526 0
527 0
528 0
529 0
530 0
531 0
532 0
533 0
534 0
535 0
536 0
537 0
538 0
539 0
540 0
541 0
542 0
543 0
544 0
545 0
546 0
547 0
548 0
549 0
550 0
551 0
552 0
553 0
554 0
555 0
556 0
557 0
558 0
559 0
560 0
561 0
562 0
563 0
564 0
565 0
566 0
567 0
568 0
569 0
570 0
571 0
572 0
573 0
574 0
575 0
576 0
577 0
578 0
579 0
580 0
581 0
582 0
583 0
584 0
585 0
586 0
587 0
588 0
589 0
590 0
591 0
592 0
593 0
594 0
595 0
596 0
597 0
598 0
599 0
600 0
601 0
602 0
603 0
604 0
605 0
606 0
607 0
608 0
609 0
610 0
611 0
612 0
613 0
614 0
615 0
616 0
617 0
618 0
619 0
620 0
621 0
622 0
623 0
624 0
625 0
626 0
627 0
628 0
629 0
630 0
631 0
632 0
633 0
634 0
635 0
636 0
637 0
638 0
639 0
640 0
641 0
642 0
643 0
644 0
645 0
646 0
647 0
648 0
649 0
650 0
651 0
652 0
653 0
654 0
655 0
656 0
657 0
658 0
659 0
660 0
661 0
662 0
663 0
664 0
665 0
666 0
667 0
668 0
669 0
670 0
671 0
672 0
673 0
674 0
675 0
676 0
677 0
678 0
679 0
680 0
681 0
682 0
683 0
684 0
685 0
686 0
687 0
688 0
689 0
690 0
691 0
692 0
693 0
694 0
695 0
696 0
697 0
698 0
699 0
700 0
701 0
702 0
703 0
704 0
705 0
706 0
707 0
708 0
709 0
710 0
711 0
712 0
713 0
714 0
715 0
716 0
717 0
718 0
719 0
720 0
721 0
722 0
723 0
724 0
725 0
726 0
727 0
728 0
729 0
730 0
731 0
732 0
733 0
734 0
735 0
736 0
737 0
738 0
739 0
740 0
741 0
742 0
743 0
744 0
745 0
746 0
747 0
748 0
749 0
750 0
751 0
752 0
753 0
754 0
755 0
756 0
757 0
758 0
759 0
760 0
761 0
762 0
763 0
764 0
765 0
766 0
767 0
768 0
769 0
770 0
771 0
772 0
773 0
774 0
775 0
776 0
777 0
778 0
779 0
780 0
781 0
782 0
783 0
784 0
785 0
786 0
787 0
788 0
789 0
790 0
791 0
792 0
793 0
794 0
795 0
796 0
797 0
798 0
799 0
800 0
801 0
802 0
803 0
804 0
805 0
806 0
807 0
808 0
809 0
810 0
811 0
812 0
813 0
814 0
815 0
816 0
817 0
818 0
819 0
820 0
821 0
822 0
823 0
824 0
825 0
826 0
827 0
828 0
829 0
830 0
831 0
832 0
833 0
834 0
835 0
836 0
837 0
838 0
839 0
840 0
841 0
842 0
843 0
844 0
845 0
846 0
847 0
848 0
849 0
850 0
851 0
852 0
853 0
854 0
855 0
856 0
857 0
858 0
859 0
860 0
861 0
862 0
863 0
864 0
865 0
866 0
867 0
868 0
869 0
870 0
871 0
872 0
873 0
874 0
875 0
876 0
877 0
878 0
879 0
880 0
881 0
882 0
883 0
884 0
885 0
886 0.0251465
887 0.0251465
888 0.0251465
889 0.0251465
890 0.0251465
891 0.0251465
892 0.0502625
893 0.0502625
894 0.0754089
895 0.0754089
896 0.100525
897 0.100525
898 0.125671
899 0.175934
900 0.20105
901 0.226196
902 0.276459
903 0.351837
904 0.4021
905 0.502625
906 0.578003
907 0.678528
908 0.804199
909 0.954956
910 1.13089
911 1.33191
912 1.53296
913 1.78427
914 2.08582
915 2.38739
916 2.76434
917 3.16644
918 3.64392
919 4.17163
920 4.77478
921 5.45328
922 6.23233
923 7.11188
924 8.1171
925 9.2731
926 10.5799
927 12.0374
928 13.696
929 15.5305
930 17.541
931 19.7273
932 22.0393
933 24.4518
934 26.8894
935 29.3271
936 31.6642
937 33.8506
938 35.7856
939 37.419
940 38.7007
941 39.6054
942 40.108
943 40.2336
944 39.9823
945 39.4295
946 38.575
947 37.5447
948 36.3887
949 35.1322
950 33.8757
951 32.6694
952 31.5134
953 30.4831
954 29.5533
955 28.7742
956 28.0957
957 27.5428
958 27.1156
959 26.7889
960 26.5879
961 26.4622
962 26.4371
963 26.4874
964 26.6633
965 26.9146
966 27.2664
967 27.769
968 28.4224
969 29.302
970 30.4831
971 32.0412
972 33.951
973 36.2128
974 38.6253
975 41.0378
976 43.2242
977 45.1843
978 46.9686
979 48.8031
980 50.9391
981 53.603
982 56.8699
983 60.6646
984 64.8111
985 69.0833
986 73.2046
987 76.9993
988 80.2411
989 82.8295
990 84.8148
991 86.197
992 87.1268
993 87.8053
994 88.4084
995 89.1624
996 90.1927
997 91.6251
998 93.6104
999 96.1486
1000 99.3653
1001 103.386
1002 108.437
1003 114.896
1004 123.415
1005 134.598
1006 148.872
1007 166.162
1008 186.065
1009 208.33
1010 233.511
1011 263.114
1012 298.925
1013 342.074
1014 392.636
1015 449.431
1016 510.522
1017 573.197
1018 634.49
1019 691.26
1020 740.465
1021 779.593
1022 806.884
1023 821.434
